Delta      Theta      Low Alpha  High Alpha Low Beta   High Beta  Low Gamma  High Gamma Attention  Meditation
1169742    670550     131769     98681      81522      20192      25498      54825      0          0          
311603     89047      2544       12227      4765       8486       3051       1402       0          0          
120906     55495      11306      13140      7139       3678       3540       1062       0          0          
36445      58736      17892      8131       15336      14114      11145      9773       53         51         
235610     111337     37123      14050      24896      12526      7122       4604       60         67         
101752     52576      57989      4297       23135      18136      4081       5849       70         91         
289482     162975     5580       28571      16777      14163      17041      5706       77         84         
1376220    135589     108017     53337      16715      11816      10454      11563      60         96         
840115     150735     76855      13023      26203      15533      3899       3200       57         91         
218006     74278      9659       3496       3638       2054       2090       1282       38         57         
12766      15739      11076      6150       12758      19793      7070       7246       57         70         
532248     310089     86367      31945      28814      14674      7409       6015       56         53         
260256     33360      9176       25022      9265       19197      6839       2939       67         56         
131687     19960      10788      2884       7646       8383       2907       1254       90         75         
31559      10510      8724       9771       21595      13727      8104       6703       88         77         
226739     43262      7894       8455       5805       3990       4495       971        94         75         
145368     43755      29975      4063       4296       2976       3869       648        75         80         
127143     9528       1525       292        837        626        838        542        57         64         
94223      231050     77976      11108      21798      8692       9633       6890       30         60         
69444      13388      34042      11771      16518      11614      8442       5414       41         78         
578788     47667      5512       1378       4052       12399      3029       3571       60         40         
168328     108207     3093       5481       5658       5890       3018       709        60         29         
140705     29373      37840      22928      10486      3735       7282       3073       63         50         
1349504    1028460    87052      40494      23534      13938      20928      2970       35         13         
260102     52206      19691      4346       7744       3664       2312       558        17         35         
1000856    173195     22817      15419      4792       13356      15441      3395       23         50         
