Delta	 Theta	 Alpha1	 Alpha2	 Beta1	 Beta2	 Gamma1	 Gamma2	 Att	 Med
171405	 64519	 5439	 5003	 5441	 2206	 1615	 3736	 0	 0	 
62593	 5996	 1678	 2552	 655	 957	 274	 160	 0	 0	 
143851	 24197	 4791	 7843	 7091	 4000	 1137	 674	 0	 0	 
513733	 87740	 35465	 27898	 14877	 9165	 1984	 1111	 41	 51	 
169817	 30846	 20019	 14040	 10376	 8541	 7092	 913	 56	 67	 
22237	 3948	 845	 16303	 4474	 18090	 6016	 1486	 80	 83	 
399761	 166436	 53792	 18128	 12888	 19732	 6838	 4058	 80	 88	 
104908	 39603	 14619	 5956	 8360	 12973	 9055	 6685	 87	 80	 
125959	 32617	 4376	 15052	 12268	 12576	 9646	 11641	 83	 67	 
136998	 32094	 23812	 9763	 5857	 6385	 8146	 3803	 60	 70	 
62386	 16571	 21983	 18931	 6386	 14311	 6846	 4490	 70	 87	 
17433	 61939	 3489	 4017	 8091	 16447	 5445	 2713	 74	 64	 
228257	 9994	 1662	 792	 597	 742	 348	 223	 56	 57	 
117012	 12222	 12437	 2964	 11595	 16703	 3197	 3132	 78	 48	 
246744	 158459	 74742	 15453	 10523	 13197	 5426	 1799	 61	 38	 
564694	 89020	 34143	 14663	 11206	 12537	 3220	 1478	 51	 61	 
3394	 20497	 14573	 30898	 18323	 20329	 5192	 2992	 66	 81	 
4530	 10680	 2647	 22050	 5724	 10602	 9365	 3559	 60	 93	 
241921	 71586	 10527	 10797	 4532	 4949	 1814	 2001	 60	 83	 
1213807	 413261	 30298	 21547	 31823	 13523	 17850	 5847	 48	 63	 
137460	 27602	 1655	 2304	 4459	 1331	 1072	 647	 27	 35	 
8940	 25953	 11333	 11147	 14500	 16045	 4864	 2141	 29	 21	 
375978	 69353	 1677	 6092	 2713	 4062	 733	 1422	 29	 8	 
17150	 14889	 12487	 20405	 11721	 8462	 10429	 8592	 50	 40	 
171117	 11084	 1623	 909	 715	 723	 221	 444	 53	 48	 
16802	 18985	 645	 4907	 12523	 7387	 5913	 4645	 51	 34	 
18585	 53245	 11869	 3963	 8579	 6556	 5408	 2000	 57	 44	 
81884	 23097	 2913	 872	 1016	 789	 216	 138	 38	 16	 
669763	 273332	 68182	 24980	 32374	 17736	 4964	 5390	 37	 23	 
74863	 84452	 15683	 25801	 10984	 1949	 8711	 1467	 4	 41	 
181267	 34625	 14308	 1533	 4336	 3266	 600	 544	 1	 48	 
56835	 15505	 6394	 17552	 12328	 7592	 4138	 3826	 21	 70	 
588845	 127111	 19290	 37982	 16186	 10526	 4507	 530	 23	 74	 
563901	 72361	 1745	 16134	 21430	 10366	 2962	 1241	 43	 60	 
392324	 37330	 13603	 2549	 6742	 2756	 1442	 1480	 41	 57	 
163323	 39514	 7754	 3749	 1485	 1985	 749	 660	 24	 44	 
60108	 39763	 10558	 5241	 12063	 14639	 2030	 1853	 41	 38	 
90264	 27076	 7706	 47112	 4372	 23621	 6429	 4628	 51	 63	 
137503	 32539	 3019	 838	 1815	 491	 561	 451	 38	 47	 
140689	 111582	 9922	 9344	 7023	 2628	 1419	 2481	 30	 40	 
1233935	 199545	 6449	 44274	 16548	 5270	 3731	 3108	 4	 40	 
1610781	 240351	 65750	 32845	 6517	 7067	 3463	 2739	 1	 24	 
584049	 24432	 3217	 6068	 3801	 2214	 1438	 502	 1	 41	 
118280	 14827	 2485	 3136	 2611	 2853	 2673	 2036	 11	 48	 
248141	 156625	 10262	 35279	 8009	 7358	 11471	 4567	 17	 51	 
542389	 27896	 23724	 10228	 22756	 21324	 14492	 6290	 47	 54	 
66627	 61177	 20715	 3082	 7901	 8596	 9179	 5689	 53	 53	 
68903	 5882	 2354	 392	 1417	 1378	 379	 359	 53	 54	 
88995	 67343	 11092	 6891	 5651	 7354	 6293	 2921	 61	 53	 
239867	 63704	 9928	 4764	 5710	 4414	 1700	 611	 43	 38	 
461311	 10620	 6610	 43768	 14078	 13656	 8215	 2023	 51	 60	 
11562	 18636	 9874	 9909	 7902	 4450	 2039	 1699	 50	 69	 
99411	 47772	 33995	 17546	 3303	 7352	 10281	 1784	 48	 90	 
18084	 13009	 6186	 12874	 9663	 11978	 1642	 2250	 66	 100	 
16620	 15341	 905	 7489	 5283	 4845	 11729	 2442	 66	 87	 
8813	 4110	 3523	 4670	 6075	 8747	 2060	 2124	 84	 81	 
3661	 13009	 8452	 8757	 3881	 4754	 2126	 564	 93	 81	 
4129	 25720	 2964	 13666	 13570	 5455	 2093	 2599	 81	 78	 
5914	 3764	 2903	 5580	 7467	 2228	 4540	 1344	 81	 88	 
10745	 27728	 6703	 3858	 552	 3240	 1519	 3590	 57	 83	 
4345	 6954	 3450	 6921	 3198	 6652	 2641	 822	 66	 78	 
8123	 19309	 4410	 4070	 8274	 7040	 2656	 1317	 74	 69	 
34417	 19466	 858	 32978	 12342	 5125	 3158	 3910	 66	 75	 
849542	 72690	 6720	 7769	 1459	 2629	 1031	 868	 56	 66	 
145717	 17557	 3069	 2463	 1327	 3724	 1414	 615	 48	 51	 
106620	 56326	 4000	 6943	 5041	 3435	 4662	 3451	 30	 47	 
182773	 6133	 5166	 3238	 1400	 2083	 1475	 1309	 35	 47	 
75525	 9845	 7478	 51904	 6197	 10342	 4592	 6732	 51	 74	 
11373	 43885	 5910	 37790	 6049	 4795	 6315	 1724	 41	 84	 
14404	 9056	 5561	 12102	 11428	 15125	 3516	 5140	 66	 96	 
6374	 10332	 8723	 14916	 6777	 4679	 2499	 4022	 64	 90	 
75639	 51195	 3880	 1365	 4160	 2524	 1049	 1272	 53	 51	 
245966	 76766	 16388	 12358	 8549	 9223	 2335	 1155	 57	 40	 
583660	 96646	 23250	 8885	 4019	 4754	 3945	 1150	 29	 35	 
153125	 55619	 34608	 127839	 25704	 11737	 9101	 5773	 20	 40	 
10807	 37441	 22862	 48570	 17132	 16536	 3993	 5724	 34	 69	 
45812	 15125	 8710	 6923	 5623	 4712	 6720	 4716	 38	 78	 
70345	 17712	 20604	 233998	 12854	 6094	 6818	 2484	 30	 100	 
33651	 10945	 3047	 3615	 5113	 5272	 7836	 2898	 50	 78	 
66921	 23143	 5653	 20835	 3471	 14266	 2594	 1142	 54	 66	 
80208	 8172	 50170	 114380	 13571	 19066	 4747	 1095	 53	 78	 
33683	 19138	 26110	 63603	 10881	 14708	 5244	 2601	 74	 66	 
59787	 58064	 20822	 8171	 5482	 7399	 4780	 3931	 60	 69	 
52540	 95962	 44582	 49308	 4697	 9337	 8648	 3047	 43	 70	 
93636	 24396	 123895	 45230	 7650	 11304	 8827	 4470	 37	 70	 
569749	 36726	 29800	 93900	 11842	 12470	 2483	 4077	 30	 70	 
82212	 19357	 146834	 16153	 10648	 10879	 2991	 3560	 26	 93	 
29929	 21109	 16324	 39365	 16439	 9360	 3585	 2039	 35	 96	 
13287	 31489	 43533	 22537	 9477	 6103	 7041	 2283	 35	 87	 
765959	 286361	 111115	 16754	 44600	 23906	 30351	 13361	 30	 70	 
704367	 128659	 63299	 39573	 28437	 23738	 14280	 12260	 37	 53	 
240505	 23898	 11415	 44504	 12094	 12448	 5081	 2547	 40	 53	 
1051638	 194039	 23309	 13371	 15722	 13229	 9029	 3640	 38	 30	 
606648	 24726	 2751	 3300	 4941	 2098	 795	 1540	 40	 24	 
51673	 7095	 7440	 9297	 1983	 8580	 4172	 3035	 54	 29	 
160851	 11412	 8316	 5660	 2777	 6066	 932	 849	 57	 24	 
44884	 22109	 52929	 52995	 2312	 8559	 5081	 6832	 61	 51	 
23414	 17655	 97662	 67329	 3603	 12267	 6115	 2899	 60	 81	 
34856	 118317	 26489	 6611	 9106	 10169	 7936	 3898	 41	 69	 
10201	 54448	 55627	 33538	 7339	 11762	 9669	 4472	 29	 74	 
18834	 28483	 7986	 128031	 7295	 3102	 5905	 4753	 16	 77	 
115745	 108418	 54820	 33509	 1903	 15274	 6030	 2948	 17	 57	 
16529	 28589	 75391	 10996	 6547	 11591	 1421	 2655	 23	 77	 
240928	 101489	 7352	 27195	 13638	 11612	 7964	 4198	 23	 63	 
12028	 18766	 104636	 48272	 5290	 4048	 8282	 3970	 26	 66	 
16403	 55853	 40764	 6444	 3010	 14892	 3791	 2783	 34	 66	 
42492	 25230	 148051	 6445	 6129	 3084	 2519	 3670	 16	 75	 
27030	 11410	 63270	 25032	 9547	 5829	 4394	 2177	 11	 96	 
12422	 26187	 77169	 6236	 9542	 13794	 3589	 1364	 29	 84	 
28996	 14456	 38837	 82789	 12430	 7139	 2203	 2052	 17	 100	 
42587	 37908	 164818	 15316	 7194	 8671	 8612	 1426	 26	 97	 
75741	 42684	 126559	 12865	 8203	 7693	 12308	 5943	 23	 94	 
69145	 33601	 70273	 9123	 12555	 8940	 4600	 6475	 17	 93	 
50578	 18262	 15979	 105875	 10218	 10299	 4599	 3524	 23	 93	 
31881	 13559	 69194	 83633	 3658	 15811	 6061	 2747	 30	 96	 
49939	 51397	 79917	 96796	 11619	 7015	 6293	 11082	 27	 96	 
