Delta      Theta      Low Alpha  High Alpha Low Beta   High Beta  Low Gamma  High Gamma Attention  Meditation
1103690    376879     41378      32165      9503       23542      12690      13411      0          0          
1160493    54173      17682      13873      8105       5201       2710       640        0          0          
111188     24467      1538       951        1033       742        858        466        0          0          
54186      31040      27025      15504      11982      9049       6159       2653       51         53         
42723      40138      7116       17682      4898       6659       2103       1725       63         61         
5488       8069       1056       17840      3757       7963       10548      3173       87         77         
44201      6088       339        1265       365        522        321        84         90         77         
20367      23629      1021       12814      11517      11927      11515      2070       100        66         
1000690    151425     1603       6333       9180       17907      2885       4758       100        43         
408717     71050      57887      3372       15194      14552      4319       2947       90         38         
583163     189216     25489      24335      18633      11957      5454       3092       84         38         
281178     105755     19533      2512       3942       4615       1792       791        57         34         
1512623    46518      34490      7780       24204      20481      14747      7125       67         56         
490492     231438     46075      21604      21657      62196      11798      9873       78         47         
1395666    87016      4216       3692       3074       7201       5578       7695       84         37         
81740      32778      3794       4005       6877       4974       4156       1987       100        37         
266214     96882      45198      3657       3180       4536       4840       2585       74         37         
456612     100513     5961       13853      31492      33866      10111      9653       77         29         
981819     255544     57883      32785      17516      16460      21321      3709       70         43         
1033717    204762     143433     47568      19328      23588      25362      9252       60         56         
979778     315882     49559      45424      20804      11312      21122      5345       60         51         
9694       28446      4228       26669      39603      14809      40521      5799       57         63         
872047     466821     185037     94633      85060      81551      28824      26855      66         66         
1469675    528717     143228     36716      42289      29461      22834      10140      63         57         
17788      30436      3860       8819       30520      31973      16482      8126       93         50         
45894      24790      1473       590        2113       1361       1320       285        66         35         
