Delta      Theta      Low Alpha  High Alpha Low Beta   High Beta  Low Gamma  High Gamma Attention  Meditation
448326     961243     16953      50253      25258      10835      8179       14561      0          0          
708285     500160     161099     77297      9598       14536      12638      2302       0          0          
307441     34183      5860       2406       5003       1862       1662       1360       0          0          
252279     44471      13811      18557      22849      15433      9654       3726       53         51         
479178     85024      6597       8963       2259       3376       1027       597        53         54         
54929      60275      6619       8695       11018      4380       3619       2655       56         60         
274777     36118      6094       4953       2723       2393       1091       1182       60         67         
73142      82604      49599      5139       57950      14194      15627      2838       54         66         
476783     27056      7272       16315      17553      17283      12463      5251       70         75         
149037     92049      2260       632        1600       1749       797        754        63         53         
124442     18339      8217       4598       8665       9355       3142       1315       77         56         
153925     246830     42166      13645      12856      8434       7354       2031       67         50         
283666     103612     23153      19182      8370       6826       6110       2465       53         50         
189741     36140      14911      1183       8231       6375       989        1123       66         78         
80932      46420      1004       4565       2615       1491       1254       448        50         63         
106172     106009     32968      12452      14828      12356      12072      8345       57         69         
731886     182270     50484      34707      30396      13928      8553       5339       57         70         
585102     436645     58376      31243      20396      22368      19553      4567       50         63         
533869     292663     63064      34869      47976      24559      12105      7566       54         74         
51699      31525      7832       4412       3402       1771       807        586        50         74         
787671     137113     34316      12198      3902       8696       3606       3353       50         69         
2079575    434938     33636      11121      27293      23692      16699      6077       51         61         
1859760    520300     99831      32109      19257      16138      14044      11529      44         61         
72115      8412       1038       1798       2102       343        912        188        43         60         
1016138    49451      18649      32632      18557      15239      5471       3768       51         67         
318934     57676      12020      10559      5960       1933       1413       567        48         84         
