Blink Strength
63        
64        
62        
66        
55        
43        
66        
55        
56        
62        
61        
62        
76        
51        
71        
38        
81        
93        
104       
76        
65        
80        
80        
82        
81        
64        
61        
87        
70        
65        
47        
43        
54        
68        
54        
50        
80        
71        
75        
76        
81        
73        
70        
66        
96        
76        
64        
68        
72        
68        
87        
78        
76        
66        
74        
72        
70        
75        
73        
67        
71        
46        
65        
68        
67        
66        
59        
70        
72        
57        
70        
43        
74        
72        
80        
81        
79        
90        
71        
55        
80        
58        
59        
62        
61        
44        
50        
52        
49        
74        
88        
96        
74        
102       
75        
56        
66        
68        
51        
63        
57        
61        
62        
73        
67        
44        
50        
82        
33        
43        
63        
32        
80        
36        
86        
85        
87        
35        
34        
138       
61        
104       
42        
94        
43        
60        
38        
37        
91        
49        
62        
54        
127       
