Delta      Theta      Low Alpha  High Alpha Low Beta   High Beta  Low Gamma  High Gamma Attention  Meditation
445016     184435     83913      45664      13968      12082      10700      17636      0          0          
151053     11378      10653      4199       4655       1900       1959       591        0          0          
287152     34107      44834      3940       14119      21392      6405       1257       0          0          
1802984    384542     43431      13320      27712      17504      2597       4699       30         30         
77086      12156      4011       10203      19870      12725      5051       5998       53         34         
1417794    86157      55697      51668      12490      10120      5276       2507       48         48         
431042     91982      45360      5719       16400      20826      22753      16096      54         53         
1740601    297752     98314      76686      55094      39727      13735      21636      63         66         
596358     383319     32293      73628      24251      36086      17326      4477       41         63         
758953     333076     67632      31791      52550      10456      13792      4005       34         48         
56294      40292      37826      11450      6912       14209      3543       3570       35         56         
21855      61293      6436       15813      12030      34874      4731       4552       51         47         
105004     19344      38553      11420      7003       9442       9897       3024       57         66         
263057     59745      17379      11460      6792       13563      16838      6342       80         70         
2164630    90701      74998      100425     4977       20347      10556      6224       69         77         
24466      27421      2712       11974      13945      10130      23963      9196       63         81         
28928      18779      669        22394      11850      9525       15321      8922       67         70         
75730      14417      5916       11307      13176      9261       10264      8368       75         75         
2051324    132876     8260       33814      13064      27659      8985       4007       84         56         
319933     12561      4181       2004       2956       1646       713        365        74         57         
919756     153894     11450      4524       5551       16676      15037      4726       64         38         
27885      71425      8703       6415       7532       7344       9885       14078      51         26         
809277     416350     55734      32945      18621      15336      20239      10385      34         24         
1307688    333690     26776      33935      35754      13993      17865      5193       23         14         
949579     154251     44350      23730      8876       13144      38112      12366      16         30         
