Delta      Theta      Low Alpha  High Alpha Low Beta   High Beta  Low Gamma  High Gamma Attention  Meditation
1872783    1179018    278074     100287     296843     334482     459647     100897     0          0          
622637     330969     177585     139842     61159      10898      8272       4955       0          0          
1290840    100265     58547      23853      26352      10291      7284       1989       0          0          
293670     26954      35753      113556     8662       4289       4392       1330       0          0          
394404     41875      136593     50453      9396       20186      9023       2715       0          0          
88066      111102     24347      99201      8662       8093       11789      3105       35         37         
475818     48325      12408      48779      29462      21056      7161       1296       57         27         
114232     24405      3105       7228       6302       3009       674        879        67         13         
211495     19088      26222      44407      6797       8265       4184       2311       81         17         
157788     14147      8700       3003       4577       1794       4802       558        93         11         
69328      15440      25187      10714      8499       9936       17358      3078       93         16         
1174710    79890      10734      40147      12621      18554      5584       8324       100        21         
65670      56946      25128      48994      14610      19650      6239       3694       100        13         
126868     39343      4722       49748      7520       11891      7548       3213       100        17         
104394     39181      33137      18329      14568      8257       2889       3026       100        14         
390800     102442     11929      85493      10211      19977      2725       3452       97         20         
211078     29250      14431      123054     10034      9938       4995       2272       83         30         
129406     66080      17046      167591     12193      11548      4534       1546       66         41         
342867     72238      7224       93214      7352       7483       4028       2590       54         47         
909762     55543      10729      8351       34596      18175      9712       2220       64         35         
1853145    283892     45605      21100      14110      8991       11416      1556       51         11         
683674     33915      40878      40632      22800      11835      6716       2256       63         4          
85918      72817      44328      41341      13648      4063       5606       1981       53         4          
28832      31428      10961      59848      7767       7016       6698       3572       35         26         
104013     144772     73169      358437     32130      41055      2975       1680       51         50         
921067     68785      10012      12412      13802      2837       1837       1504       35         34         
