Delta      Theta      Low Alpha  High Alpha Low Beta   High Beta  Low Gamma  High Gamma Attention  Meditation
1320851    681864     432913     73181      60023      41649      29371      57891      0          0          
189193     17986      5097       5192       2559       1675       783        168        0          0          
63854      19065      26092      8451       8733       6442       8482       2091       0          0          
14131      6340       7569       6677       13788      10098      9760       6048       51         30         
149894     9792       16837      10216      5121       2578       5463       3724       50         54         
354896     40844      9237       4064       7213       12083      1884       3079       56         37         
442915     110495     77508      15357      26423      6537       8891       3911       48         43         
18640      23148      31239      17856      7483       5301       8033       5564       34         70         
91853      7498       2773       771        1502       633        378        201        30         41         
505228     174032     30295      6455       11488      4572       4756       3455       13         41         
60735      9797       1658       1274       1239       2071       600        449        26         20         
1442912    88743      30786      9602       9329       6579       2746       4990       23         1          
35625      75571      37315      27546      17068      18500      11427      8326       29         4          
578369     102701     26197      8325       4995       7305       4487       3657       37         13         
570503     915742     22432      33187      159840     58027      47686      14008      27         10         
1328315    104342     24494      13802      4747       11654      4859       3187       34         20         
781363     61259      18093      45311      6223       3832       5205       3149       20         34         
167644     125694     35136      15756      7550       7963       8989       7368       20         48         
620020     440845     62233      6641       51611      10753      5022       4024       11         60         
33931      18567      10630      7457       8144       10349      4021       3748       21         64         
128538     55377      2966       2159       4976       3819       402        153        27         35         
101210     113268     56408      22838      20004      5766       4824       4869       24         41         
1410359    57175      9170       11385      15823      11504      4216       3044       40         48         
2203       13960      10123      6169       8565       7959       6330       2111       40         50         
416826     26284      5632       1611       16334      4674       8434       2895       47         57         
