Delta      Theta      Low Alpha  High Alpha Low Beta   High Beta  Low Gamma  High Gamma Attention  Meditation
1823268    1486731    161583     108784     53961      14938      50977      66245      0          0          
850085     38514      6766       4649       4122       1965       498        210        0          0          
8702       4272       10470      29785      4803       1773       1460       472        0          0          
32277      21397      43160      56733      4728       4425       3857       4584       51         51         
25845      16516      16297      10881      4566       7517       2519       3178       75         54         
25407      17601      29302      18567      4417       16706      8332       1518       97         60         
17994      19818      12741      220167     5953       7409       2304       2190       97         77         
37322      44427      27734      219340     11341      11374      6447       2396       91         77         
46016      42014      31611      143521     12635      7927       3659       2547       74         84         
7677       34185      61432      127795     13080      6713       5746       1198       51         91         
4618       14566      7658       112337     22155      6307       4502       2066       56         84         
5019       69311      24411      161094     7144       12172      4984       2962       57         81         
73482      43446      27483      52752      17826      4156       3730       2099       56         77         
18510      43240      48784      267299     4171       15748      4330       2038       61         78         
30204      4969       33125      20207      9417       6515       5162       4082       69         78         
122768     8557       18412      3620       8575       2347       462        377        75         74         
66356      27929      39296      259933     22413      9833       7069       2791       75         83         
19834      22752      23204      97552      13132      10762      3373       1698       78         80         
47018      37527      50969      93031      25590      7993       10110      3527       69         77         
24927      11183      35002      23894      6233       17264      2692       1814       81         80         
731296     296992     15778      42606      18473      17093      3967       4489       87         56         
41618      36361      106792     143739     5720       9264       2380       5127       80         61         
33080      23032      180140     72057      13129      10213      3780       1012       77         67         
79995      53464      33479      120728     11581      8468       2191       2212       60         69         
5217       27302      9961       35148      10704      6688       3888       1799       64         83         
