Delta      Theta      Low Alpha  High Alpha Low Beta   High Beta  Low Gamma  High Gamma Attention  Meditation
630336     343305     96653      38377      60468      13420      6818       14714      0          0          
74540      18488      2403       4346       2519       2984       815        344        0          0          
892595     93643      76565      30804      5190       6721       1459       475        0          0          
329916     25554      14093      15252      3587       4952       3403       616        48         48         
1052941    188341     8038       38728      24028      15389      2488       1627       53         35         
533697     62361      7410       2918       8122       6184       1841       907        61         16         
882253     113460     17646      5181       10868      5992       4766       1256       57         1          
72369      4926       1245       758        1048       818        795        611        63         1          
667883     210528     34155      19481      11241      9567       3349       1265       53         1          
1455383    197881     131820     96670      64802      86729      15901      6377       64         16         
996195     47557      8797       13002      13655      6975       3411       1598       77         24         
1360766    210356     49411      19663      30286      21314      10588      1491       69         23         
1806695    29537      8345       16947      23210      4713       5112       3047       84         30         
564859     65315      17770      5375       16001      3508       6327       1118       61         17         
1508255    8812       28870      12502      6915       4351       2489       1201       60         47         
43319      2520       556        2385       937        715        1215       127        69         60         
418461     39304      19398      27083      31500      20565      5826       3452       83         61         
231749     27400      947        3510       2350       1596       408        294        87         50         
69829      57966      11644      10784      10818      10963      8044       5164       93         17         
167962     42139      21872      4016       507        1551       916        1149       64         17         
39720      20360      32732      17036      19739      7190       4926       3051       53         29         
663208     243110     10979      46637      28513      20302      7665       3044       57         37         
701533     64596      53699      12608      14576      13720      14453      4657       53         51         
306445     130530     11355      13052      10035      11962      4989       3120       70         29         
33558      15099      17705      5751       7908       9536       5039       2508       83         23         
