Delta      Theta      Low Alpha  High Alpha Low Beta   High Beta  Low Gamma  High Gamma Attention  Meditation
875591     170944     57099      31873      19094      11806      10071      9849       0          0          
730061     149250     15931      38863      18177      43008      40470      14393      0          0          
95681      11873      2139       1733       2124       931        372        695        0          0          
341858     103354     16828      3916       17843      10094      5769       2073       38         30         
778968     65758      8525       31393      13668      10613      16346      3887       41         47         
115352     54467      1027       3155       1239       3301       589        671        35         27         
105023     44393      2109       4057       2511       1528       1496       488        21         20         
816799     122701     57781      35695      24721      9961       7036       3326       14         48         
201307     47643      18799      12179      10000      4222       2202       1352       7          50         
794382     106484     14635      7608       8988       7912       3424       1276       10         64         
143118     245849     36979      25683      12429      15976      11897      4054       17         75         
710829     340882     51965      9964       34875      16380      8429       6484       16         51         
1740431    266509     77667      27297      49152      27174      17834      2904       20         41         
11778      12822      5962       8983       8277       6466       4121       2795       37         64         
485230     79449      15702      7938       7826       5097       3921       717        35         66         
201507     92821      8419       16087      20026      13821      9234       3207       50         66         
292549     32863      451        1460       1495       1303       1786       1292       40         40         
128913     186357     14454      8647       15590      11971      10468      1861       21         14         
156831     38444      5148       8546       4703       16674      11402      2095       48         16         
233806     33825      11615      3094       1702       4652       1705       548        47         30         
6476       2542       3102       4569       5901       7623       2565       2632       81         66         
38835      13961      609        797        469        836        447        238        78         63         
392378     39097      8803       3739       3170       1601       1827       1094       44         67         
45292      11858      7885       6375       7428       5430       5796       3562       50         74         
373812     15893      12175      7363       2742       2081       913        696        20         81         
358913     29460      2475       5283       3680       2280       490        491        21         94         
2499064    82556      16302      13743      7373       4547       3293       776        21         94         
99715      6186       1785       1704       830        1125       618        219        37         97         
407396     30172      41061      1747       7895       3223       2494       934        17         100        
54937      36388      13913      12841      11109      6858       5028       4016       24         93         
17567      11097      15386      8827       9398       6300       5936       3551       38         100        
284539     32336      3467       1698       1620       2868       3210       559        34         93         
32760      31642      1828       6385       2298       12155      4500       5173       54         69         
581057     175960     37390      26835      14450      6551       3095       1286       38         63         
673389     204688     25621      25194      35132      18112      8525       5898       27         43         
98180      24167      9280       3070       1533       2504       829        626        26         57         
281881     27815      5560       3074       4345       1918       718        301        7          61         
42971      40162      5928       4330       3613       20722      4149       4614       38         51         
1514369    89784      30955      20719      10246      4650       3320       1401       30         64         
45557      32411      2010       46319      34078      18607      8522       3907       47         67         
1355998    667238     31640      13439      28558      15108      16177      10077      37         50         
452810     14481      11250      8197       1509       3178       1115       894        17         75         
108634     45556      28353      16249      14080      8841       3325       2782       29         78         
115562     285467     56461      48945      12176      15202      11286      1613       8          69         
164457     21953      2238       5472       4035       2943       1062       552        24         90         
1797858    103968     20256      12192      19380      5661       4024       830        16         69         
655808     141788     3652       10407      5063       4527       4040       2455       3          43         
376703     135132     19542      25125      10921      5085       10789      5409       1          40         
801093     160267     38530      17945      34881      32278      5120       3503       3          40         
113340     82501      5731       7335       3366       2234       1300       241        1          30         
42461      13414      8218       3706       9795       4967       3645       2139       20         54         
42116      53999      32456      4410       6286       11278      8093       6339       37         64         
284940     94606      17356      5650       1892       2511       752        730        13         63         
98345      44399      5811       6277       15590      8566       4115       2708       37         64         
3831807    168772     54378      15561      19563      18528      8548       4689       26         61         
140627     17987      20139      15791      5581       5594       6147       2726       23         70         
8266       8532       11344      13652      7082       5371       6475       3020       44         91         
15556      13141      885        18849      3165       5205       6529       2481       44         100        
90507      73216      10432      9791       20661      7570       3491       2189       44         100        
30636      11472      1683       6849       11526      3999       2658       2616       53         87         
350834     287548     28373      2269       3146       8869       2446       2620       35         53         
22268      16105      5558       8075       3795       6005       3061       1925       38         47         
227062     105826     7403       9655       2977       2330       760        1133       21         44         
64655      50486      4176       7543       5988       8939       3610       1244       17         37         
481468     148652     11718      10780      1389       2901       1175       1063       13         40         
8325       8672       19454      4246       6219       8146       2272       1879       17         48         
263736     72949      5596       2866       4316       4607       1124       655        29         43         
229977     79529      19223      4350       16230      6220       8166       3870       21         48         
204124     369241     8288       16699      10180      26248      15827      9141       37         37         
109866     16344      5514       716        706        735        557        179        13         23         
101716     133929     34676      61983      32161      18354      3037       2602       16         43         
1581324    45993      37012      14225      15610      10722      8688       4992       23         57         
321753     26323      31593      6448       4637       8444       3067       1085       30         94         
583166     29767      22699      6550       3289       1809       1667       184        30         100        
858405     79910      24043      7488       4828       1865       1273       766        14         100        
720222     158562     114509     36430      34916      14151      8807       2994       4          100        
42245      200388     22187      20950      11419      6537       5205       2628       1          81         
240727     107296     4597       9703       9023       3668       1003       1377       1          54         
224772     22730      6104       3587       3315       2787       1053       669        3          53         
128808     24599      9667       8598       6175       7178       5625       1906       17         47         
458897     23248      20845      7270       7709       12907      1691       1349       43         63         
65843      37416      13316      3828       6424       4211       2664       4057       53         78         
1043132    158767     37162      38141      54558      47318      9669       14485      63         77         
134029     24447      7509       13004      8348       5145       2038       321        60         80         
25201      5256       7247       8730       5097       4586       2352       1235       57         87         
48911      10603      2069       6178       1244       1989       745        556        60         93         
240320     18717      3084       5278       2971       4607       1730       1605       57         96         
2323579    161029     60914      74299      32981      31835      22283      6140       56         97         
210359     21151      1191       2386       1033       896        1113       414        38         70         
250228     158526     15774      9513       33987      9228       3692       12602      29         50         
201708     204937     6974       10003      30808      16356      10625      12321      21         27         
196284     69230      33667      14716      23977      19542      24322      13185      26         21         
592467     52112      9511       8988       1533       3142       6613       3052       27         34         
142906     109512     9284       3280       768        922        1112       1082       16         34         
2317109    1153749    498031     195085     82830      186875     132428     27383      23         60         
883288     123574     209671     40113      28667      18705      7421       7766       16         74         
295737     128326     4798       8537       6068       7222       2384       2222       23         54         
1281127    78019      12422      4684       4700       3038       2301       957        37         63         
84978      51474      11594      11957      13131      5996       3277       1381       35         54         
760188     34075      23058      8582       9883       8890       4719       1622       41         44         
963105     32908      273        9832       7087       3171       2488       1303       44         56         
532398     72489      6972       15742      5629       3689       1713       801        48         60         
385475     263548     54776      44599      41616      41016      14552      7230       51         60         
603900     409973     28636      35061      30169      22321      12642      7005       41         40         
306084     125801     3013       3663       2524       3807       1573       700        30         21         
100979     81474      22764      9163       2153       10445      9482       4039       40         23         
432996     42034      11460      1613       1741       5852       5883       2351       40         21         
66252      16977      15278      13989      14098      17817      15741      7202       60         40         
70702      57789      14892      38557      18713      18670      5412       3374       77         69         
363850     161681     40567      8252       24687      12787      6433       1757       74         64         
113366     40539      1004       1186       836        1678       749        118        64         47         
138387     36714      10925      2975       5013       2724       723        992        47         38         
61476      36512      5702       23423      21334      11262      10119      2931       44         35         
155486     16698      3307       1873       1687       3709       755        1211       54         35         
171610     59339      1800       4225       2053       2226       2522       732        53         41         
176823     8894       1673       5792       6189       8885       3066       2327       75         41         
17936      2974       837        2381       2997       18967      2047       4311       88         26         
