Delta      Theta      Low Alpha  High Alpha Low Beta   High Beta  Low Gamma  High Gamma Attention  Meditation
2473399    1242512    360925     95543      65729      18762      16546      60858      0          0          
147007     14574      3977       3288       2474       855        1340       623        0          0          
113665     61128      10723      63164      11851      12647      8255       14920      0          0          
36337      70497      22097      66283      6887       7693       5361       3763       47         53         
102112     45811      1550       33292      7650       8940       5837       1729       63         56         
13522      6128       7805       110284     7767       2326       8446       1938       60         80         
41732      21076      10624      85069      8462       5672       2071       2305       67         91         
24807      22380      13676      26658      18915      8215       7506       2468       78         74         
16829      10104      3486       81647      9567       7186       3963       5180       75         84         
7828       15098      8251       155750     6915       5174       2316       772        80         83         
25676      24377      52256      153114     13582      16025      4235       4731       83         87         
128423     12784      2106       20334      2732       1359       1307       648        69         91         
6912       6932       28104      109908     10818      5121       3108       3142       61         100        
79960      20407      2045       31342      6114       9459       5652       2615       80         78         
28915      2723       9114       91908      11098      7224       3725       4389       80         81         
8987       8551       831        38217      3543       9532       2029       2312       100        87         
24929      30899      6266       83071      21653      13776      15624      5689       100        67         
45152      51254      21163      50729      4363       10231      5343       1318       100        67         
38880      91781      25823      44353      4028       11881      6050       5613       100        44         
60316      7506       43897      62686      6811       12762      2821       3168       96         53         
19544      22679      40142      90895      10282      7928       2403       3785       87         64         
1663       30402      56018      142982     12679      2468       5232       2007       64         81         
48850      22007      62455      54213      17525      10927      6509       4878       64         96         
184836     18342      10429      87759      14256      22099      6700       3563       69         87         
65875      18693      43784      127964     8271       8161       5038       7086       67         91         
21927      4442       10544      24967      4237       4953       6536       10588      96         84         
