Delta      Theta      Low Alpha  High Alpha Low Beta   High Beta  Low Gamma  High Gamma Attention  Meditation
441395     47303      55519      14900      5196       6428       7435       6292       0          0          
28299      82693      32454      34158      47302      31945      28082      7169       0          0          
350712     39950      1924       7136       5306       5978       1827       1559       0          0          
105523     6428       10099      98139      4098       14860      9645       10382      44         53         
62511      19240      16007      94700      11500      22590      15312      10640      54         60         
295581     119462     18408      15131      9986       20934      14699      35198      61         54         
2517733    504256     14168      40911      8929       15334      18006      10440      43         41         
59412      92085      10197      9540       11378      8926       8718       7350       35         21         
239103     19448      33915      25358      18368      10279      15497      10677      30         17         
310046     137459     37747      147301     7278       14258      15393      28040      14         27         
72658      6032       15126      58783      4559       9440       52670      19730      38         53         
464199     42305      12073      49620      20309      20543      25191      19870      53         63         
21876      44405      27793      131535     5372       12553      19646      20628      41         67         
30132      14846      132111     20126      15562      21043      18933      11555      56         74         
584446     23716      69525      31975      15279      11409      19047      3695       51         67         
1361532    136455     22853      6886       7805       36646      15620      12949      51         57         
1820781    726272     164269     99782      64011      108177     12712      3287       51         57         
687979     115014     8944       53697      24756      13132      2404       1033       53         47         
1510148    43125      7315       13453      14384      4534       3603       3227       44         30         
1530152    248574     40171      104139     39728      18456      21250      23761      37         21         
477228     163177     2769       58537      21076      26782      28452      9580       29         26         
222834     78858      52328      52473      16169      12931      12856      13674      27         30         
515108     201811     2308       55226      12556      16324      23444      11623      26         29         
24686      22414      56683      26934      5216       10150      17376      19962      35         40         
93570      39000      36946      96476      13928      24058      23996      3462       37         53         
52683      14025      7887       16773      4482       5215       7561       2507       47         53         
