Delta      Theta      Low Alpha  High Alpha Low Beta   High Beta  Low Gamma  High Gamma Attention  Meditation
628801     289345     51837      25058      23626      8468       18612      14482      0          0          
1118535    99626      15627      32608      17631      11585      4078       4075       0          0          
60531      7153       982        1706       802        901        592        203        0          0          
36830      37907      13972      28050      18715      6466       3930       3105       50         54         
9051       21180      5012       17011      9203       8391       2007       2925       74         64         
9808       7806       6228       32569      4805       9611       1939       1344       96         88         
264609     16451      15507      7305       2269       5749       1021       314        100        100        
124166     37523      9211       25400      8585       7605       3949       3978       100        91         
171367     20601      21521      10434      7361       5138       2499       691        100        91         
84346      53596      32983      39167      39646      15364      5456       3212       100        75         
140086     124399     10917      5796       7290       2506       1659       530        70         43         
471850     74078      15116      7491       12899      7832       2781       2212       67         29         
40773      26837      3837       1048       2626       2035       3347       916        60         3          
1582498    935359     153828     49300      11611      45932      40815      10301      43         1          
405648     70367      10032      30856      2588       3747       2258       692        53         8          
1364958    335462     15959      18112      20422      18269      12700      3955       44         1          
336022     16379      4981       3858       4157       9708       6400       4693       61         10         
117542     22290      10672      2839       5923       3587       4282       1196       69         24         
291166     57161      38003      21493      54409      31547      7266       6009       91         23         
102425     44835      1001       9050       7631       4139       1566       1789       93         30         
691821     131308     5230       2212       14490      6530       925        1479       67         16         
104673     48890      22140      7155       2765       4026       2670       659        60         23         
302783     269218     27130      29731      37770      35584      16585      3709       48         14         
32548      29631      918        856        952        3029       1678       210        50         7          
23405      18450      33709      55846      9728       20101      2972       4881       66         48         
29781      3291       14695      36760      6721       13917      8105       2072       84         63         
