Delta      Theta      Low Alpha  High Alpha Low Beta   High Beta  Low Gamma  High Gamma Attention  Meditation
643814     141083     26528      39966      10047      11133      13149      15023      0          0          
185203     60555      2709       3083       2882       4434       2348       3651       0          0          
814420     123951     34891      12658      6769       6893       8353       2432       0          0          
397336     12435      7367       2935       3279       2180       1160       490        51         53         
123555     28032      1288       19846      35111      6187       25047      8711       70         60         
578347     100250     62994      9956       17083      21940      16621      7231       90         70         
390403     92687      30275      8207       7277       7148       3294       1124       87         78         
38677      10947      2708       12413      8070       8187       3628       3255       96         78         
10503      5925       5910       15198      12049      2806       5151       3156       81         91         
50998      10775      2217       4817       13112      7053       11247      4721       87         81         
37881      22605      5815       5409       5938       2971       5335       1003       90         81         
10380      2356       1442       3126       3672       4440       4975       1487       90         78         
607027     29246      8016       10425      5700       3577       877        726        81         69         
42954      4399       3778       5389       4768       5015       1751       498        74         83         
507069     45170      42639      17065      14089      17713      9604       3118       81         91         
126325     16630      7698       3818       17344      14930      5699       4256       80         87         
332758     150613     76851      23455      7654       19053      2487       3025       80         88         
25043      10236      3823       8690       6970       8420       3778       610        81         84         
26104      5871       5531       9052       7402       7245       4592       686        91         84         
4875       3507       13895      1660       5141       3553       2365       1424       77         100        
20103      16449      13805      6104       6910       7370       3755       1751       90         100        
87528      25173      793        1836       3210       2738       1703       234        70         83         
10212      25428      3579       5004       8637       3231       2353       1067       51         70         
84000      58003      6205       5501       3631       1719       876        686        26         48         
26021      3874       4750       840        2471       2289       844        907        26         48         
