Delta      Theta      Low Alpha  High Alpha Low Beta   High Beta  Low Gamma  High Gamma Attention  Meditation
122058     50508      9639       8061       2481       1248       2599       3435       0          0          
629252     23441      7964       6296       5568       4317       1880       577        0          0          
214330     17667      2615       2302       1331       1043       429        180        0          0          
52909      29115      37163      15941      11949      6702       4681       4015       48         53         
14433      23728      8537       10885      8706       10063      5090       2184       67         54         
9524       16361      12996      7197       8223       8556       3815       3628       90         57         
321870     78470      3350       6896       25900      15764      2207       1563       100        40         
136763     12439      1134       958        4874       1686       1011       826        100        10         
8485       23698      4274       4326       5460       10852      2699       1476       100        3          
148956     49669      7433       3769       2337       2638       688        516        96         1          
17979      35796      3732       13930      8393       4740       2763       2644       88         11         
9627       9765       6924       12318      5218       7080       3556       1389       94         40         
17311      11517      9968       2703       5172       9912       2115       3921       94         50         
16769      38871      4769       8743       6754       24513      2596       1712       100        50         
93594      29361      20364      3569       1186       2025       956        311        100        57         
274009     81544      23447      8134       5052       15636      12471      7893       97         43         
13695      15093      17461      7001       10956      10357      2803       1579       93         47         
16009      7311       7158       4085       4954       5893       4980       1427       90         61         
155251     41393      4682       2817       3287       1617       908        696        88         43         
5755       35538      5370       12447      15202      10744      3934       4403       91         40         
81901      26703      12041      3076       2111       738        501        512        63         37         
22923      12914      5475       6585       5490       5998       1268       785        60         35         
23929      3284       3968       5176       3842       28013      852        1842       87         40         
47479      61897      5259       2125       2274       1686       741        579        61         27         
108494     14638      1406       1198       426        1507       354        170        69         11         
21125      6879       7192       13386      6527       11884      2853       1407       64         17         
