Delta      Theta      Low Alpha  High Alpha Low Beta   High Beta  Low Gamma  High Gamma Attention  Meditation
325064     261768     52106      17276      15610      2986       5946       13930      0          0          
397685     4538       3049       1187       2383       1656       2371       1113       0          0          
79079      23748      1482       1939       5711       1625       888        708        0          0          
4643       22384      3525       67161      4331       9208       5591       3556       48         51         
203380     168959     46184      187037     6983       4990       4604       6077       43         61         
15490      19159      24265      45580      5264       7603       4514       2185       51         75         
12320      32374      19392      151952     16588      5960       8888       5970       51         91         
1912482    125065     33106      76505      8809       10730      9752       5166       44         83         
19957      12789      5168       8603       6537       9585       4156       5033       69         77         
456801     222542     7634       19228      3846       10000      15224      5417       64         56         
29388      34549      24161      145834     12963      15034      4476       9784       70         54         
14788      16624      16458      58460      3971       20546      5862       1916       83         61         
19214      13654      71009      40778      17010      12465      2224       2197       74         74         
28641      26813      5079       64322      2127       5265       4025       2334       77         93         
361637     58962      28650      89948      11827      5152       3987       2660       69         90         
428774     118706     13313      87272      10747      9530       12712      3599       57         83         
128020     16394      2854       3750       4302       1314       488        577        54         67         
56409      74654      22543      5647       5125       6340       9569       1527       54         54         
402990     179710     16050      53791      20625      16366      20721      11240      60         43         
18398      12922      2308       49135      5374       7988       8606       3687       66         51         
13111      19774      27892      60769      10900      6626       2461       2811       66         64         
10604      7008       12358      16511      5106       3969       3991       2233       70         78         
14848      8253       7072       40230      5220       11928      7139       2609       80         90         
51224      43242      38210      43872      2454       9816       6219       4256       77         88         
74802      5697       5995       2598       3260       2961       2556       1512       87         80         
