Delta      Theta      Low Alpha  High Alpha Low Beta   High Beta  Low Gamma  High Gamma Attention  Meditation
1476478    874866     255252     205942     62538      32510      24329      51310      0          0          
1144293    261382     7929       19995      15172      17327      5019       1979       0          0          
33240      9592       17306      18953      17302      19171      9364       6855       0          0          
95987      44123      3123       46432      65634      20781      5190       2410       48         44         
420002     46180      12252      4570       1875       2804       820        379        43         50         
214382     63395      3353       11006      7770       7611       19587      2833       47         48         
12488      11177      11387      13129      1966       7807       4530       2926       54         64         
263254     13900      8986       8392       3712       2550       1962       625        47         74         
266845     76115      21378      16709      32804      14579      15242      2526       56         70         
160095     74227      1330       2414       6277       3383       1152       336        50         57         
103887     38454      3133       1936       4546       5142       1552       2079       44         35         
216513     66557      16235      11658      4163       3346       2265       431        40         24         
115328     86715      15697      5192       700        2357       1242       677        26         23         
56221      52746      25088      20776      4113       7825       5545       3543       29         50         
3581207    383690     69132      52251      46593      34281      8006       4813       26         57         
53609      35854      56888      56130      99070      32156      7635       7607       40         64         
1033513    52004      5413       14419      8541       3315       866        521        44         66         
3657       8557       7602       4092       8545       13091      18317      3902       60         60         
24491      8012       7849       22495      16168      12182      10317      1970       70         74         
77850      62498      13033      444        11372      2690       2034       795        57         60         
976854     73565      11776      9982       6845       3321       2513       912        56         57         
33513      9668       918        5225       2776       8538       1554       2161       54         54         
237692     10299      2646       2331       1632       1274       1027       466        44         47         
95564      6081       31078      12455      18852      11353      10168      1887       57         66         
1934681    218822     18831      11807      16143      8022       9363       4282       57         60         
125081     140105     67944      91245      32548      33373      10726      6681       47         69         
935879     5935       2863       3268       1914       1684       686        170        47         69         
190469     14069      3700       2523       1403       726        431        409        40         69         
180124     27918      14819      71795      10120      6747       10190      15250      30         75         
123004     20216      6963       96930      9981       9420       8399       27686      38         100        
97831      35993      10859      94458      8418       13249      4184       4444       35         100        
220193     161291     17354      30288      16567      7173       15936      6649       35         100        
1222384    488478     56175      34179      19157      22444      24168      3648       30         80         
1056514    573954     104921     179577     56237      41091      34503      9045       27         61         
937900     329792     28221      18088      5823       3948       5466       714        11         38         
133071     7857       2059       2351       3197       2027       1140       258        23         41         
99876      25583      5344       5377       4946       6866       10225      1568       37         47         
1590538    53062      7479       2257       8933       14709      12646      3927       48         35         
23693      10908      728        1125       1402       865        343        259        61         35         
112851     11237      3992       2499       1630       1886       354        378        57         37         
343181     32741      7597       22883      6199       10935      6845       2990       56         44         
1323601    166783     44031      14997      11593      17614      5835       3231       48         53         
679374     120919     21219      12666      21704      9099       3622       2033       48         57         
61391      37492      22888      12067      9320       11108      3736       2788       50         61         
122982     38578      11363      2587       2364       1780       1775       670        38         54         
948061     137969     13400      9162       12834      13964      10133      4584       40         47         
136428     38091      1405       14455      5637       9015       2411       2538       47         50         
380912     83850      27071      12594      9654       5720       8538       2563       38         47         
548048     38696      25086      8814       4597       4961       12001      4272       43         54         
80092      41482      12987      5166       6811       9505       8833       4392       48         61         
84610      9307       9836       8123       10040      3738       6370       2754       47         69         
3736       9885       7360       7964       3835       5063       7828       4484       57         77         
76504      8967       1781       740        402        963        617        269        60         64         
290919     104838     24156      25538      20065      6387       6534       11193      50         66         
2282362    152711     20682      11120      22608      13041      4549       4173       43         53         
45902      65011      24898      17344      14497      8884       12160      7306       37         48         
1013794    791448     9348       15354      20198      14817      5040       3244       24         29         
1208843    43340      31780      7982       8486       6855       4643       1534       29         37         
286422     168413     15774      26573      21390      14767      7248       10566      30         40         
121783     37863      4030       6964       2949       1700       2484       659        24         34         
1178634    87431      12308      7560       18495      9160       32788      2837       37         50         
101353     94696      6347       1116       14749      13704      12777      2570       40         26         
7559       11726      3701       4286       16356      18928      10322      3099       60         24         
9799       27331      1899       12991      16707      9139       6398       5361       74         26         
4639       14283      7484       11335      8178       9300       9860       3379       83         38         
12162      12798      3127       3214       13312      7567       4666       3914       90         50         
102401     19300      2087       1855       2206       2501       1043       721        74         50         
185382     36577      3762       4149       1819       3067       1747       454        64         44         
74600      33844      3000       6278       671        1384       1401       375        48         38         
2619424    206706     22304      8319       51586      38438      27827      5351       41         30         
1536949    216408     7886       30990      9427       18492      7106       1989       40         30         
803024     98068      25654      17510      11070      14581      5801       2310       43         37         
181017     103222     7120       6852       7972       6529       2032       1652       47         27         
1433682    79083      17443      4606       6528       5685       4967       1532       38         37         
252043     49062      5676       1754       2569       5870       1915       529        41         34         
1387357    39057      19946      33139      4372       4650       6492       3163       37         44         
164965     61778      12993      113973     20653      20601      4799       5085       41         67         
13720      19671      31331      105288     11769      7562       12384      4307       41         91         
34600      6503       10265      34057      2653       4830       14916      9557       40         100        
12381      14476      29392      99086      10238      11275      5499       3553       43         100        
190042     30714      9843       40444      5903       7952       8018       2901       43         100        
517766     742782     40903      2525       12402      17274      12391      5426       38         84         
1556606    544912     125953     86400      35312      39799      11385      3180       34         64         
49295      73860      3132       7639       2726       4200       2832       2560       29         37         
196864     9211       567        982        1211       525        491        92         24         17         
36740      10256      11226      14142      12411      13045      13557      4107       44         41         
653753     46914      74467      65705      14208      18966      20328      6164       50         56         
59738      7187       6734       2662       691        1048       243        148        51         75         
848525     387541     62379      34015      12631      8195       11212      6665       43         78         
395779     99138      6801       6310       6472       3718       1247       945        26         61         
152933     67989      5914       4566       2706       6279       3143       1321       23         38         
288931     22377      27986      18063      10499      11013      8687       5561       29         38         
935994     661755     26777      24439      40149      12903      16279      12322      29         27         
169012     87374      12095      6823       11343      2400       1665       1667       27         34         
1071237    134923     30852      8896       4926       4649       2671       1135       20         40         
386558     191580     33676      9983       6991       4970       5160       2604       4          24         
330172     29336      11302      21869      6863       4381       1399       1231       14         48         
98270      31537      22234      11974      4020       5982       1402       477        23         61         
459913     12387      6844       496        1802       1054       521        201        27         66         
4763       14333      1862       9274       11120      9774       8958       2674       51         69         
140990     10861      1660       1955       892        1038       2557       100        51         60         
76833      22599      3732       9905       7366       5347       3942       1102       56         53         
1542709    76899      145033     50273      18490      14480      13263      3009       56         63         
986076     100879     3038       11892      6949       4048       6387       1766       38         56         
664472     243492     37354      3636       22080      21662      28665      8416       38         50         
21153      8154       363        109        592        1188       1427       407        37         30         
321901     54826      9134       8668       5903       2058       1663       595        34         14         
578629     46355      21433      7413       9397       5766       3628       1895       38         26         
89412      21296      11130      26176      6726       13674      3012       3634       47         43         
203011     135419     81443      15719      10807      14849      12148      2735       41         64         
191106     53848      5597       2444       2494       2683       1545       1068       43         57         
1665104    34460      13312      20019      9835       21264      21541      5915       53         60         
98562      12746      3240       1238       412        1191       887        488        44         50         
51611      24532      5947       6737       7536       7892       9523       5838       53         44         
35486      35669      8621       5618       8233       12980      15619      3230       67         50         
29625      7496       3934       4957       8955       6424       6405       7141       67         47         
17902      23532      2296       20320      29149      8348       9247       2586       77         50         
6644       8859       1057       5159       6435       5801       9463       16609      81         48         
18864      14881      5474       3955       7197       7450       13086      6673       83         51         
4027       12509      9549       2811       5906       4777       7346       4243       78         54         
1196001    144322     10105      17009      4036       2461       5352       1547       57         48         
25871      49202      32759      23601      10683      10930      11479      5798       48         56         
53480      12673      4630       3917       3600       5520       8845       2943       47         57         
7326       8625       3997       2797       2462       8954       7537       3210       54         53         
4864       8911       1381       3383       4660       8929       5232       3049       83         56         
8550       27483      7835       5780       5639       8562       4998       9918       90         48         
419376     68157      4039       1967       2289       4487       2091       2023       78         34         
1807737    32433      22692      9894       10046      9522       4606       4021       67         38         
206925     31361      32786      13154      19555      11677      4868       6057       56         48         
323891     284477     37539      16840      29515      13884      8297       2384       44         41         
20598      18776      12387      7001       3997       11152      6547       3277       56         60         
46965      17746      6580       5605       40301      10932      5981       2637       63         48         
592658     11804      13831      19890      17668      5921       3527       3086       61         51         
217346     110530     6900       4208       4808       3403       3999       1933       57         47         
86487      37642      12139      29023      13132      13541      9457       3075       54         47         
699440     78641      27530      3080       6562       1114       1774       546        27         53         
121604     14116      4137       4508       1919       1679       667        191        24         48         
384023     41252      8495       8162       3956       1626       1396       591        24         60         
221520     108179     5479       13036      5634       5420       1740       2722       13         48         
197532     16488      10282      4773       4021       7248       2361       2196       37         53         
2195135    658151     264558     71761      72381      16676      14553      3953       24         51         
948623     302461     30270      15000      7298       5777       7208       1790       21         43         
946091     61660      11533      31388      13422      7108       6821       2664       26         53         
188275     50164      19468      23655      9658       16516      3504       1053       24         53         
697017     76303      115985     32562      36471      16555      9626       10075      37         61         
672209     146816     66374      29956      29658      17774      22940      3123       48         74         
175183     66840      9860       6649       1986       3610       3418       893        44         66         
136292     19731      18607      6896       5542       2002       1166       1166       34         70         
334942     85401      6265       4851       5187       2575       3757       1243       24         50         
983259     532351     20946      13639      60287      37049      34664      6316       24         29         
228563     27445      2092       6798       4678       2117       4495       1455       27         29         
1794295    91394      43429      17268      6655       14473      8697       5933       34         26         
2287161    58706      28828      19254      14044      5575       2497       933        34         26         
34691      21647      3108       4413       4984       2315       5089       1076       41         34         
842652     10690      11802      18800      5194       12238      1441       1594       51         60         
111232     44778      2262       6307       8752       3772       1614       954        51         54         
419383     35712      2857       17786      4612       4196       1736       2102       50         54         
20024      62274      8256       6700       13290      6592       9629       3706       50         51         
360088     11845      6708       5087       5238       3269       776        1461       44         47         
68701      9340       3048       558        3770       2527       692        1509       53         50         
190966     17008      7397       1973       3755       5248       1898       778        61         47         
1459737    29915      11716      21700      21397      5756       3798       1612       61         57         
142581     74463      4417       2137       5241       4243       2551       980        54         40         
1882261    168153     37221      50023      26864      29040      13357      11737      51         44         
163961     34951      887        2861       865        3295       3111       1311       43         30         
613367     17732      6234       7989       2236       1162       813        431        37         30         
160976     85945      208        2769       2937       3826       3560       1109       35         24         
2467376    240477     29116      5950       20458      29860      24622      10490      35         14         
2036660    294816     65267      94806      60075      47056      26943      11906      37         26         
387775     101954     30647      20225      43203      20238      8249       5077       44         20         
863550     573273     37426      35552      25269      18159      8711       8094       43         30         
1488249    18208      16699      18716      10016      5918       2438       1125       43         50         
334187     13451      1343       3123       1468       856        288        181        37         47         
460159     41512      18517      4248       5253       1869       1501       601        26         51         
197461     121317     8241       7523       4312       3531       1315       554        24         53         
129336     21038      4422       1348       7680       10022      2941       1723       34         35         
136184     53701      25913      662        8506       6319       1351       970        38         38         
