Delta      Theta      Low Alpha  High Alpha Low Beta   High Beta  Low Gamma  High Gamma Attention  Meditation
74292      44045      11010      33564      5128       6764       2099       5967       0          0          
925747     97217      95856      27068      25113      12770      9012       6439       0          0          
65211      96764      1365       52115      55659      15186      19525      15506      0          0          
20444      65690      27878      16456      13891      10330      6601       2608       51         40         
179759     38046      4269       1544       5640       4373       1347       314        67         21         
501480     14807      6588       1636       6457       4125       3927       1355       91         20         
68147      16253      14304      96754      12990      7094       5712       4200       78         43         
17709      13127      12666      84256      3742       8449       6284       3083       64         66         
21563      11461      20043      96469      10960      7220       7871       3303       38         100        
49762      42800      18228      79647      8070       8546       8399       1797       7          100        
37530      17954      12915      14640      4215       7964       3454       3905       43         100        
110933     96996      4386       150112     17093      7967       10575      2508       24         90         
24344      30189      3054       73061      15923      4951       7472       2905       27         78         
19977      29238      8478       243431     9641       10665      14609      4894       21         90         
4229       12650      16744      80411      6180       14289      5124       1097       13         100        
14849      13361      12599      24916      6842       12295      3250       5676       54         97         
3049       10472      13999      26204      5781       5628       2678       4440       69         97         
25291      11178      38252      68090      12076      4298       4466       4235       67         94         
64165      17572      39938      75631      4289       10246      3528       3271       51         97         
1725384    86692      24733      142291     13889      5725       3196       1917       10         100        
36336      30648      24106      33348      15610      30470      7572       3053       27         93         
27523      20754      12568      38839      9638       19377      7059       7007       61         78         
667788     54340      3334       89682      6359       14293      7399       7121       66         64         
96832      22837      6912       81532      14643      6825       4424       3674       83         67         
9008       12035      13728      139276     5846       12348      10667      2743       57         88         
66326      32616      13843      67212      8493       6616       4810       7566       35         94         
