Delta      Theta      Low Alpha  High Alpha Low Beta   High Beta  Low Gamma  High Gamma Attention  Meditation
160411     232699     140422     34287      36572      11093      19563      13762      0          0          
636869     92148      58128      13181      8630       15048      9018       6320       0          0          
1708974    49257      11310      47555      16809      7691       22963      7110       0          0          
52003      47622      29987      26770      38732      7823       12427      10585      50         30         
99314      40100      8304       82237      16360      4043       9233       4034       44         54         
30918      52126      19287      45875      9648       8330       3603       7065       54         56         
15930      28685      10929      13437      6558       2383       971        550        57         41         
12332      10673      2971       4593       7434       3089       3862       1575       69         30         
203359     9430       3935       2633       2306       3719       736        1220       97         1          
56756      30616      10007      18277      4887       6344       4665       2693       100        1          
50323      24473      15128      130474     16443      7203       6372       2465       94         27         
15478      14319      3730       76851      12808      8596       5276       7749       81         64         
83054      10947      4264       12549      9188       1937       1515       309        64         78         
73482      88887      12618      64925      15815      6330       11452      4523       50         75         
587308     166279     8024       6231       5220       7534       10893      1753       48         34         
2894       14757      980        5570       11633      8105       3636       1885       61         4          
804993     41349      29314      48205      9126       5497       5788       3176       51         21         
114326     8384       10744      137273     17005      9768       8234       6627       54         48         
13131      32167      24807      144884     15631      7096       5095       1874       51         87         
18647      24244      110514     24710      11011      9000       6752       5290       26         100        
29399      5635       9678       10044      15282      9548       5854       3389       54         100        
7904       27205      35294      55491      8027       5174       14464      4787       50         100        
373940     207728     44864      26227      11912      11186      7521       2999       51         75         
19548      2936       1570       17159      1125       3381       7475       2631       63         70         
354791     2271       2879       2526       1716       966        2153       1204       50         77         
5026       5429       22401      43796      5328       7438       8281       11831      61         83         
