Delta      Theta      Low Alpha  High Alpha Low Beta   High Beta  Low Gamma  High Gamma Attention  Meditation
567834     210131     71026      38494      25046      13185      27503      22577      0          0          
438464     141095     45882      20807      9190       11214      8858       3496       0          0          
68985      38831      18976      18318      17155      5812       7309       1792       0          0          
8636       31485      12430      19299      19782      9792       8375       3576       53         47         
260230     52207      11720      107413     14437      9912       15982      1919       51         69         
750732     398622     27818      13267      12857      16462      11692      2619       43         51         
74942      7031       6204       1889       5685       1789       597        419        53         60         
28783      70706      53870      60033      13159      20825      5299       2468       48         69         
673018     44542      22898      19250      14821      5286       7007       2116       50         56         
666956     37535      2216       3280       2921       2267       952        628        53         60         
439073     42966      25755      39360      4943       5967       2350       1040       40         70         
308970     86457      7888       4752       5682       2923       3265       585        16         40         
178479     62438      4092       566        6822       3666       3358       1378       13         11         
192669     75123      5829       11968      1607       2836       1342       539        4          24         
404635     36731      31650      28336      15805      12584      6574       2241       21         21         
74692      6687       2722       1184       764        838        181        240        40         41         
178945     14524      2020       3657       1365       1199       1571       495        43         63         
12020      24501      9906       11146      1796       13123      6199       3188       78         75         
187904     35564      8168       3315       6188       2423       791        369        61         57         
1678035    79097      30878      9865       31129      25516      40291      4971       78         51         
101572     41693      1845       7870       7239       4258       1868       1205       84         43         
1399262    341478     20659      81919      9960       17554      8599       6669       53         35         
56146      28689      3979       3514       4090       5227       3043       475        70         29         
59429      42113      17418      6389       10215      8133       1775       2653       60         35         
206942     35259      9538       4072       5637       3245       1148       1271       56         41         
