Delta      Theta      Low Alpha  High Alpha Low Beta   High Beta  Low Gamma  High Gamma Attention  Meditation
123488     111138     56438      34152      21919      7231       7497       13541      0          0          
289014     96214      14733      10158      20782      11047      12897      5987       0          0          
454546     80475      15924      11687      18914      20201      11429      7972       0          0          
66006      51203      34155      14909      14790      14163      17009      7045       48         50         
224743     156797     24823      12899      47904      19870      13113      18421      54         41         
10183      9848       20817      22433      10254      8561       10314      2988       66         64         
20051      14087      9203       5943       6157       12212      10424      11326      90         69         
137083     20799      12560      11088      2713       11264      16273      8006       100        67         
33816      26566      3118       28976      8964       17099      20908      9848       100        90         
8210       74901      8778       3125       5938       11364      6085       11315      100        50         
412572     793304     114434     47879      4888       14883      12068      4435       67         37         
94289      23971      9592       6171       2799       1518       1184       3242       43         35         
102641     6055       2108       6648       2809       3151       1956       2478       40         37         
421599     210148     42082      19803      8045       9864       5903       8677       21         51         
43545      48184      14902      2184       4917       9352       10892      8603       51         56         
8095       23659      6043       5339       11173      10459      23401      8696       80         43         
5078       21673      4238       22419      10688      18109      15686      6821       87         38         
14242      25271      9982       12328      16585      23658      20660      6925       100        38         
4575       28414      4002       11791      6400       8620       18089      8823       100        44         
56902      41610      12514      16626      4476       12711      15244      16062      100        56         
299139     41477      1606       17271      4536       5854       6134       2479       90         50         
1567329    332491     53745      14127      13049      13110      18320      19586      56         43         
12994      19206      1593       5108       5357       12299      23574      17876      66         30         
28216      12193      3452       13537      4068       16288      24715      19041      80         34         
89789      13488      3067       1656       1911       3454       4655       6619       88         26         
96640      4593       4058       4878       4694       4449       2930       3415       100        44         
