Delta	 Theta	 Low Alpha  High Alpha Low Beta   High Beta  Low Gamma  High Gamma Attention  Meditation
115715	58237	 21210	 13669	 4944	  8451	  3509	  4670	  0		0		
1425711    351352	9675	  59623	 39362	 18285	 11674	 8539	  0		0		
95286	 64655	 4651	  3050	  6162	  5175	  2645	  1185	  0		0		
221363	41820	 16524	 27724	 9691	  6579	  11712	 6258	  47	    51	    
28736	 48759	 31059	 58862	 12248	 14977	 8410	  10684	 64	    69	    
144479	5762	  59649	 89798	 27394	 4434	  9819	  12876	 47	    93	    
17319	 9450	  5073	  106673	25566	 9116	  12386	 4109	  53	    100	   
107142	22094	 19334	 51749	 6422	  4678	  15147	 4770	  43	    100	   
51125	 23269	 8689	  254588	8823	  6976	  6451	  2307	  7		100	   
12268	 28672	 14258	 71228 7230	  6995	  8242	  5676	  29	    100	   
1537879    790078	91333	 257440	259131	193283	22976	 4128	  47	    90	    
1540365    24532	 2228	  5892	  3316	  2548	  1033	  417	   54	    67	    
19240	 8148	  15872	 15232	 1544	  1569	  1556	  1197	  66	    61	    
32763	 13381	 28625	 71009	 13951	 7762	  5727	  3851	  67	    64	    
403945	169742	49049	 17321	 8605	  7286	  3134	  2896	  30	    66	    
49750	 17182	 51740	 38633	 7112	  9122	  9238	  5730	  34	    84	    
1720124    585263	38671	 36137	 25441	 34399	 12326	 6887	  38	    60	    
239558	81767	 13449	 1985	  12095	 5550	  4121	  2991	  34	    37	    
575797	183237	24374	 77112	 25795	 44085	 36583	 27225	 66	    37	    
727241	37446	 4088	  3552	  3081	  2154	  2119	  561	   66	    37	    
2386466    69972	 8297	  22929	 36888	 14243	 5210	  2685	  78	    17	    
595553	24990	 9803	  9375	  1971	  7483	  2918	  5250	  100	   29	    
11730	 42864	 42786	 79009	 16106	 21163	 6177	  15554	 100	   48	    
51145	 11426	 16440	 182953	26460	 9765	  13626	 9278	  96	    67	    
17636	 13128	 10236	 225055	6333	  6439	  7958	  4215	  57	    94	    
283133	25000	 12264	 31137	 2813	  4886	  4035	  1688	  40	    100	   
	