Delta      Theta      Low Alpha  High Alpha Low Beta   High Beta  Low Gamma  High Gamma Attention  Meditation
187585     209565     29384      32965      22153      5517       5462       11966      0          0          
56212      36264      18671      12422      12214      21838      18265      4359       0          0          
432392     36067      1935       5978       2441       1587       1812       384        0          0          
35442      38213      6832       13421      5084       4030       1063       1006       41         51         
1492396    28130      7448       11631      7973       9155       14928      2434       50         64         
117387     37109      13018      3628       2726       2492       1119       349        48         78         
145204     41429      17486      3658       8785       2006       1595       865        44         91         
17279      8240       7938       7922       6504       19591      5111       4301       63         93         
5200       49916      5531       6296       4028       5529       2545       2423       56         69         
165556     32862      1018       5964       4181       1422       641        812        54         43         
122190     43431      16040      18344      15469      16979      11179      5566       69         47         
128847     69681      9561       24891      6973       6661       3645       1551       51         43         
117714     42751      15972      3813       8845       7026       3349       3436       53         60         
323869     79657      7483       2730       1732       4494       1721       512        56         54         
411403     9375       1933       2483       7362       2360       617        1182       54         37         
94923      72271      6581       18713      12650      5161       2653       1918       53         27         
755879     28043      21658      37329      9244       13587      15444      2869       56         47         
7375       34873      9917       4324       4790       13174      3234       2544       67         63         
314995     42073      1779       1910       3528       1385       850        1017       54         47         
1900502    382349     23463      17760      33538      41370      16168      3638       60         26         
223799     48921      3104       2580       11702      6767       2234       470        57         1          
20629      7492       11510      6374       3869       9493       3560       2175       60         7          
302264     46303      13105      2171       4164       2844       379        310        63         24         
12904      7797       8610       5185       7595       10174      2843       1922       75         53         
182495     59189      13684      1816       2122       1734       1279       634        61         70         
140935     24785      9708       750        2185       3007       1009       844        50         56         
35825      25202      6552       4227       7816       4553       5577       2510       57         56         
96350      54239      21491      3042       2732       1696       1204       697        35         51         
8891       9588       1242       3711       5414       6204       13755      4325       56         50         
169437     23341      4977       1299       1567       6193       594        704        64         40         
302301     21478      1606       927        1848       2773       1092       513        63         23         
141208     29533      4704       6060       2748       2607       1076       543        70         20         
132032     28081      13159      24785      27963      8662       1278       4185       63         35         
211490     14395      2338       1334       2204       1192       419        316        54         37         
66623      29993      12570      1501       4142       2033       1675       510        48         57         
44380      150749     70452      20717      17762      14294      5411       1868       47         66         
123658     67012      20607      3200       4693       4076       5403       1701       38         56         
212870     33952      9318       6325       3055       1795       911        312        35         66         
393952     22652      1607       5995       4279       6435       1373       896        44         56         
358680     14517      4318       1601       2989       2983       485        362        51         47         
1412526    408314     108227     7051       36756      23005      6467       8224       51         44         
119769     7175       479        311        1350       1031       359        189        61         17         
621433     35159      10519      7619       3080       2612       1095       815        51         29         
177146     66109      9218       2600       6476       6850       3165       2007       47         21         
358421     26671      7061       3246       2416       2660       1279       564        50         24         
144384     37210      12695      11773      6268       2256       7114       1964       40         54         
115495     99590      32132      14838      6701       14500      7473       2906       47         51         
355586     29146      16286      20856      9383       26329      22624      8587       56         74         
581050     45955      7605       7677       5460       3211       3137       2179       54         70         
1233013    540570     110732     25137      31336      44043      74773      23031      57         57         
91794      40185      1011       5175       6836       19599      30703      3503       69         35         
144665     42366      5171       4324       3120       4964       1249       466        60         16         
204255     95092      32161      16321      9096       6472       4070       1792       57         23         
68021      50903      2613       26037      12112      26267      10706      12153      69         29         
248835     47533      15398      19765      5742       8730       3852       1662       60         57         
236860     40797      22718      7448       12566      20977      5071       5352       67         69         
310294     109988     6236       5116       6814       6392       2541       762        69         44         
