Delta      Theta      Low Alpha  High Alpha Low Beta   High Beta  Low Gamma  High Gamma Attention  Meditation
262930     101185     34059      63321      27302      12378      3841       10348      0          0          
509029     131716     8319       15273      4420       6599       2443       1523       0          0          
80101      9789       9435       10166      7401       2449       1850       1144       0          0          
148623     39591      17326      8038       7880       3705       1767       465        0          0          
14920      27143      16614      8315       9111       18749      14127      4171       51         43         
331344     8117       6043       8176       5219       1754       1515       501        50         56         
208933     2050       352        1110       1046       679        664        120        56         60         
70924      33919      10003      22295      9527       11821      7405       1559       61         66         
168138     16192      1842       1453       1084       1026       1227       945        43         54         
171544     19245      10446      3407       1700       4607       2348       1737       48         48         
105538     9699       4939       2365       775        701        595        305        34         56         
2220       35168      5009       6641       34308      10834      3903       5271       37         40         
164152     151439     33993      18077      3139       30393      13272      6728       44         44         
311848     157484     8042       13105      12725      5832       4682       3598       34         26         
41394      33495      3577       2186       1141       724        278        70         26         10         
10510      37826      10305      20996      16905      17427      6679       2963       26         23         
9227       11873      18867      11473      9889       24209      3605       3208       38         34         
196624     134840     39832      26141      22251      10645      4265       6379       43         48         
184238     11588      1273       1141       973        1446       584        232        57         48         
109462     25279      5423       4993       30348      9960       5726       2950       60         35         
66646      28748      75560      58054      15851      27216      7596       4511       50         48         
2690835    450933     25748      71183      19934      19934      8324       2870       44         40         
22569      16247      16432      4584       11051      13052      8139       2989       56         53         
26931      4111       15094      17442      26403      16274      6001       2923       60         70         
782406     46799      18654      7401       12185      17631      14112      4072       63         50         
225746     219615     282931     53374      12182      34830      18308      2336       69         70         
2090416    111380     31508      27014      6973       11177      6265       4078       53         69         
158271     25606      55039      31415      13516      10547      10870      4818       40         80         
20423      15948      21614      5218       3071       5845       6302       2534       34         94         
122777     31174      2939       3756       5676       2131       696        496        34         70         
492426     112420     31242      90331      16285      12466      5183       6416       30         78         
9916       15652      4617       53915      8978       6090       9435       12671      27         80         
22800      11556      35995      92026      16806      15516      5246       4150       27         88         
102317     75063      5445       7137       1459       1424       3614       971        16         87         
29780      20361      13237      40597      6339       8593       6911       2699       23         90         
264292     25656      30008      50373      13662      8955       13183      8685       24         84         
48390      12768      18041      62615      10349      12859      5616       5000       26         81         
34600      31815      12423      36204      9563       11925      9712       4873       47         100        
19496      22851      10793      80806      18146      13062      8732       10557      47         100        
393351     318706     58810      68000      15441      17602      17638      5308       40         84         
695994     75989      44215      33229      18055      16211      4815       4860       38         70         
158484     97071      7415       18183      7984       6070       3184       1866       26         57         
626705     15321      6019       1668       1990       1601       1094       655        21         43         
744993     203603     16723      11097      12034      16761      12718      3915       27         29         
41564      21997      25946      14822      21125      13613      21712      3123       34         29         
224027     38902      25410      13512      4410       3933       1043       1852       35         43         
30066      19805      4819       3681       11611      10786      5342       1946       51         37         
466695     113246     10472      8854       5120       2821       2643       587        38         40         
747062     208492     11903      56302      24946      20893      34967      3193       29         29         
769633     99087      13017      21837      18160      13751      4390       4328       35         16         
12923      16867      25772      10870      15712      10406      6375       2646       27         30         
405888     45482      9329       5217       6549       3849       800        623        40         38         
17209      15105      14220      11554      9994       7279       2342       3017       48         50         
6982       16923      7607       6123       20550      11385      5573       2742       61         50         
35622      11590      5745       6917       19976      6758       5360       3782       64         40         
40315      8479       4568       680        508        2048       1199       235        74         47         
126851     63650      2714       5585       3121       4770       7729       677        63         26         
706085     23180      5591       11599      11057      15827      6742       3484       64         27         
1761769    193853     8309       39167      19445      23997      14673      11132      53         23         
485898     41225      5045       2704       1774       2867       2837       1809       44         11         
501395     62267      20457      16458      13306      13284      6909       4907       51         26         
171282     46221      11636      12639      3137       3280       4347       1103       29         29         
745449     359539     18774      13894      19043      10731      6718       1878       17         20         
109386     24652      12712      5463       14071      15577      9035       3295       37         26         
51049      33116      25926      21135      12119      8848       8513       2288       35         34         
513323     79740      15391      15485      10797      10476      8678       2633       43         27         
162514     24966      3719       1901       1679       740        482        539        41         38         
196996     95418      20376      56992      25434      10324      6679       2926       23         43         
61530      28808      7662       5216       2104       1922       1558       717        14         35         
55085      12416      4594       2275       1412       1997       1520       1255       16         37         
146393     53991      14480      10696      8944       19333      4421       3309       38         41         
206350     73356      5336       5230       20522      19765      5317       3750       50         23         
127658     53506      24074      2113       2198       2939       1533       967        48         24         
1543814    286111     26911      40664      20531      24338      16175      3618       43         16         
447966     59404      21116      4859       1049       4650       1341       596        29         20         
239452     101081     6240       9764       13041      6040       6237       2421       14         23         
6422       14001      24585      14655      7574       9857       6099       3236       29         35         
270691     4815       11752      2999       658        1089       1488       268        27         61         
41067      22798      17351      33772      16408      14390      6464       3388       40         70         
228835     49237      4724       1165       2425       1332       703        487        34         69         
119912     18492      2193       11525      5510       9677       3393       1268       38         56         
28729      23498      14865      13370      8204       3940       8480       4567       41         44         
20105      17259      7701       12633      9590       12453      6213       1637       47         38         
205689     9413       2721       3165       2181       2069       1484       227        63         51         
39576      18385      4305       11124      13350      4777       2185       5267       54         54         
10608      16670      4784       4805       1533       6334       2301       1517       66         48         
12062      24090      18898      8169       6795       7071       1643       2199       57         51         
58294      23174      2818       5573       2865       3064       1298       682        53         48         
106033     93216      26890      12265      29360      14897      7278       2326       51         41         
141775     44557      15482      8206       19740      9571       6584       3066       44         38         
87066      33026      9461       4481       7623       3022       1729       2169       38         29         
26187      30131      27161      27571      3886       2512       6419       2770       27         47         
43765      34914      4950       4524       8397       10692      10283      2303       35         43         
164450     17938      10509      8499       4582       13279      3833       3226       43         50         
27878      23250      7515       846        7668       2734       7054       1553       47         47         
35251      12592      22667      22384      9086       14911      2184       3268       66         44         
203484     389594     31686      47753      29024      17913      17594      2098       48         44         
964520     72888      38896      21359      27264      22007      9659       6300       41         43         
417237     234849     28099      52453      6900       6067       14005      2974       27         44         
701471     63301      52967      61922      19562      13562      6890       8893       16         47         
30519      23068      6840       117887     6782       8373       11092      6025       21         77         
30225      8978       11762      125268     6591       14235      11019      3320       16         96         
28065      9487       25519      92115      9040       6802       6607       3256       26         100        
14666      27171      39624      46016      9948       12559      3036       2253       29         100        
490933     165033     38732      141635     21437      10837      11932      2981       24         100        
252830     92460      8030       14337      6807       5077       2189       2421       16         77         
336155     77965      15978      12855      17240      16014      9535       5992       26         48         
44660      19487      18193      23210      15052      10582      11791      2040       29         43         
3168       9961       31236      18077      22977      9042       11925      7839       44         44         
20663      11597      13378      28416      14965      18199      10566      4485       63         60         
50608      32135      4879       33356      13106      24261      6951       9335       70         67         
8305       11489      8975       9814       60324      17984      6119       1150       81         53         
20919      25619      2611       7813       3384       9336       14589      5635       88         40         
72595      28407      29239      16058      9688       13878      15559      9512       83         38         
72518      11213      5940       9385       3482       5540       1939       1181       78         41         
148966     56361      2520       19021      8755       25372      15078      5750       74         41         
95160      77065      3005       5058       4184       6835       2650       1144       61         30         
63341      14354      647        666        1114       1040       636        324        53         7          
174507     78055      33809      11852      5994       4229       1682       954        37         3          
823168     182074     31496      10738      25291      38097      18091      12680      29         1          
215411     62480      5673       2352       2732       4553       2229       985        27         1          
1718930    370225     38213      34952      22620      28469      64671      14671      26         10         
86450      43602      2992       8673       4547       4205       5984       1366       35         1          
765703     547459     59764      16632      10518      8594       5552       7698       11         1          
168603     153334     28893      4732       4657       6128       5618       667        4          4          
116287     61774      6177       11925      11285      15979      6102       2485       16         7          
234778     189699     4190       12389      5140       6691       3085       1331       8          1          
1147866    98381      15147      15941      11513      9165       9760       6302       23         4          
995121     209240     84369      31574      12741      42820      7432       5632       37         11         
396613     66762      9611       3327       6091       3851       1516       554        23         8          
267360     47244      9954       11587      4568       7449       4470       2002       34         21         
124975     12705      5245       2239       2102       1251       677        328        34         26         
1080081    318567     34212      37623      29185      7516       4554       3927       14         20         
3119602    212912     98207      89749      55407      22216      11954      5658       14         35         
1170363    314249     9337       6437       36621      8704       17208      9661       3          17         
404977     89058      4163       5302       5122       4134       2007       3091       1          7          
460382     106994     3282       5489       8326       7288       2943       2239       10         1          
133435     9807       9398       8961       11227      12180      2589       2244       27         1          
202762     132618     8558       20040      6395       3920       2012       2631       27         10         
143988     32525      2582       5648       5951       3129       3242       1769       35         16         
758582     107652     3625       3412       7998       2645       3042       1229       24         14         
115002     19141      4099       2966       1500       3194       3185       1518       14         10         
1276029    324264     28832      15230      17564      17253      20763      5921       20         7          
257556     20450      12303      5357       6762       3461       3342       1398       20         14         
530461     74852      59975      10080      21958      11768      7051       2364       34         38         
943714     59409      10003      32463      20125      14365      7752       4074       34         41         
675087     139619     52916      12751      17411      16543      5836       2960       40         53         
87279      89647      3334       11370      11384      13476      3947       6104       43         40         
95832      37723      14667      6554       1419       2354       1758       959        37         38         
307105     215789     115046     13706      17498      10009      11970      2598       21         38         
202388     126992     39511      10434      7584       2793       5556       1653       7          37         
514984     986780     91978      30656      41370      56341      67952      10927      1          35         
2016059    260931     62889      58269      30973      22071      44983      8582       1          34         
317667     32731      17424      20174      13712      7825       7696       3323       11         35         
53862      39022      13793      4532       3788       2728       4148       759        21         37         
178113     347013     61994      49270      14947      23507      32531      10794      23         44         
540881     74157      69283      3524       23044      14063      9829       5519       27         50         
314957     57206      19536      1073       5386       11136      4793       7386       27         41         
244111     34454      8762       10725      5250       3715       3227       1203       34         43         
255816     29732      8786       2529       2259       4939       3022       1146       40         43         
94117      20097      3277       1887       599        1446       406        190        35         35         
34747      19604      12106      6341       11087      18650      7999       3212       48         38         
77752      14406      2873       5231       2118       2045       2883       1094       51         37         
880386     51960      6676       11345      13119      12774      5676       4369       54         35         
428912     326800     64120      50578      38232      27729      14857      3689       54         37         
2354235    665082     73150      46252      19391      57835      10288      5124       38         27         
161291     97021      50267      14387      24898      17336      15337      4603       40         29         
679839     42975      26723      40903      40913      18520      16398      7952       40         40         
141535     77843      32914      69904      24751      11107      11022      11774      40         50         
1349792    330314     17644      20625      23468      11622      11964      6349       30         44         
328702     318387     25502      12955      22583      25611      17778      5095       26         30         
142721     26845      4980       297        2931       1739       1304       474        14         17         
677927     76975      17237      14902      12331      5156       3419       3196       13         10         
221088     134280     9455       5650       5711       5307       3292       1068       14         10         
257861     6819       4474       3332       1321       1834       1177       345        20         27         
914869     112107     6632       16737      21422      21855      14317      6872       29         27         
37256      58490      8209       6796       8452       3857       12647      4291       30         23         
304992     38810      4896       11913      14124      8819       8677       3305       44         30         
19130      7713       8878       2901       5034       8215       8383       2299       56         27         
232650     37383      15264      33713      16150      6613       5297       3903       50         43         
1159624    52350      4232       13293      10521      15614      5365       7180       63         43         
9874       10855      11530      8959       23541      10242      2638       2975       69         48         
276216     25299      17058      7923       5202       1641       796        363        44         51         
62042      27224      61046      11298      17923      9347       7262       4575       48         56         
78286      64891      22027      8868       12149      4843       2318       1164       35         63         
2036157    243908     81962      29311      39650      13260      10209      5626       14         60         
140328     24030      5909       9134       1706       2357       2118       3236       20         56         
146079     26746      18916      7661       19758      6794       3951       2503       23         47         
50278      56419      30573      7353       14500      10434      10334      4297       29         48         
99182      98070      25182      39006      62841      24890      8737       2479       43         48         
68331      28920      7580       4635       6149       2492       1646       1328       43         43         
2103672    202062     17077      28016      12730      18530      9967       3597       38         35         
903211     289903     58062      24630      21235      35686      12879      10559      37         27         
1104209    34764      10517      9989       24215      8604       7375       4379       37         26         
232729     70688      17278      29454      23543      10023      8261       4004       40         30         
53022      21174      5761       17697      17697      7969       6319       11070      48         40         
266562     99170      58207      38460      8001       26673      9295       6016       51         48         
2520514    84641      24275      8173       6918       5655       5620       1303       41         50         
504795     58370      2360       3828       6795       3256       2452       1039       37         35         
514092     201489     84858      31586      36394      7520       9449       4726       16         35         
230971     64397      12582      3768       2983       4225       4723       2996       8          24         
1116773    218377     60149      47992      32668      26289      25676      18402      13         26         
334566     51260      5560       7991       3246       2130       1404       827        10         35         
222233     21110      12725      4344       1966       1654       1714       490        14         38         
184763     75997      25032      19601      19506      17133      3386       694        23         43         
133166     22703      747        1450       590        1135       332        94         17         30         
65331      43532      15193      13612      13490      8595       5986       3480       29         37         
206443     91384      25873      14292      13400      8657       13434      3780       34         29         
229451     142450     18166      12955      34791      6194       10567      1572       21         21         
152885     37706      32673      9108       4074       4612       2480       1340       24         43         
1082373    555613     109129     68632      53863      32516      22080      8886       14         38         
104404     9325       6215       394        1458       840        573        330        13         43         
280334     19437      5616       856        2559       1078       462        500        16         47         
60269      10569      743        1279       1325       614        170        406        14         29         
147273     98680      28965      8919       22154      6327       8666       6456       14         30         
814053     100642     63224      21103      28677      23800      10534      10389      23         30         
116872     30644      7940       9115       3474       4428       2007       1231       30         37         
61592      65452      18469      5226       7228       2923       1564       1748       27         41         
207612     34918      5683       3468       1636       2952       4109       2586       30         40         
110660     50419      16571      26399      23666      5278       6974       2633       24         40         
774342     44757      31975      9346       13156      15288      14990      6256       29         41         
2480849    510201     103102     94256      118787     64989      24886      24688      40         41         
1628485    56061      18119      12125      6212       20670      16226      5289       53         47         
357418     24265      6356       4758       3442       2470       1206       898        54         41         
1175037    58305      39457      12400      12310      6180       10530      1482       43         43         
2023155    1036818    39209      11996      49233      55609      32663      28845      37         26         
823270     40828      48193      13080      22275      7710       6763       3510       26         35         
192680     121315     34865      12149      20389      9812       11284      3275       24         35         
2652175    191644     213082     16863      18889      53090      24742      19161      30         38         
1038206    220190     15788      27338      31710      47942      22895      18437      43         48         
1161864    282400     49470      15320      14263      16992      27573      5426       40         35         
585391     37522      531        9544       2827       3046       2862       676        40         34         
120936     16215      2570       14859      9101       15778      10162      2101       53         26         
76010      23210      4809       3281       3065       3047       2487       1773       47         34         
76309      182051     2897       3822       6447       7178       4025       2109       44         17         
181760     32122      4453       1933       1000       6099       1836       484        53         16         
275580     81303      39446      15862      8685       10940      5416       4880       35         20         
60948      96150      23540      36953      23602      21022      12668      5437       40         23         
434259     58259      3101       4297       9525       9350       7592       662        51         30         
2001064    855164     296442     108887     63767      136793     140855     31017      48         40         
890530     43085      15983      21475      3308       3907       5605       4113       44         41         
2678099    116928     20725      9840       10877      5258       5411       1932       30         37         
792850     36578      2881       1770       6968       10476      13486      7188       38         35         
948118     20632      6850       9263       8873       12069      11025      4397       48         37         
770412     44623      11118      3294       3235       3090       3362       592        48         27         
616281     108615     22694      9751       7148       6456       2911       2879       50         29         
102916     121693     29555      8360       21840      24264      4376       3519       44         38         
146801     28547      207        6574       5967       12599      1983       1211       47         29         
187902     50195      19349      17723      10996      8718       24380      2667       53         35         
208057     74711      42966      20467      23578      6414       7862       4392       53         43         
575645     43439      45864      10322      62258      12840      5677       8871       51         50         
16261      14298      2496       12611      5172       5251       9246       1877       44         61         
29938      20295      10176      6825       13256      7528       15380      1398       50         60         
4941       6669       12155      8374       7952       9621       4425       1825       69         61         
6401       5988       3281       12067      9808       4641       11848      2023       77         66         
4033       10687      10498      10518      7551       7953       7371       4030       80         69         
17938      5525       6271       26085      5523       10691      19258      3809       83         81         
21088      12267      1001       8356       7988       9560       4607       1311       84         70         
10993      16247      4022       14225      5974       3300       7441       2576       77         70         
1006654    26544      35230      39668      7375       16323      5312       5714       70         77         
169365     25046      3060       6016       3842       3614       1426       919        63         61         
11503      5930       12253      11474      2605       7000       6842       1695       56         75         
179946     41572      29976      7187       8519       9748       8703       3192       60         74         
12924      26269      27527      10824      10398      18197      5417       2480       64         66         
33494      32166      28546      4658       9022       7511       4202       4300       64         77         
160247     276668     81471      41333      41112      24257      11219      6982       51         63         
67856      4133       4975       2538       3363       863        812        487        47         66         
132857     22527      1396       6687       2178       2975       1543       845        37         57         
193380     303638     23140      4226       29710      4269       7568       4931       16         38         
18161      26409      16786      2643       9938       4551       5165       2621       21         41         
12089      15253      6739       3744       1986       5393       4652       2485       30         37         
9269       9627       4664       20805      5471       8196       4981       1551       40         48         
19188      16606      1847       2914       7162       4152       5331       1137       66         54         
9709       5033       7601       10839      5965       4511       5865       1574       74         63         
5249       7856       4538       15377      5666       13418      6410       2257       81         66         
20041      819        8411       29337      2354       6450       9437       1610       78         78         
14451      3514       6115       11994      4901       3573       2223       1299       75         96         
10203      13469      3389       16517      9851       3122       4214       3500       67         93         
357848     142890     45445      33629      15561      22169      9906       3558       51         88         
950685     105226     6087       7042       18326      8052       14257      2104       43         54         
1203927    58790      45419      31292      11854      10706      4031       1298       37         50         
159020     15932      2771       1933       3421       6104       1615       1251       47         38         
1209011    222496     39088      7953       14788      8266       5914       2347       37         30         
94154      13266      7476       18735      8323       6539       3016       4132       44         53         
69366      37814      7629       19828      11388      10514      4071       5722       51         44         
796423     59116      7187       10296      7396       7377       6265       4278       41         47         
718643     131920     12548      7705       3953       17608      9256       2495       54         43         
17755      10196      1153       12467      7226       6856       4644       2693       60         38         
7534       49995      14579      30928      14419      6272       2014       2329       51         41         
54314      25852      27878      6880       10860      5993       6391       2774       51         53         
182310     108079     15162      7023       4061       1655       2829       577        30         57         
1336037    383675     72153      21107      10045      13063      5924       2139       8          50         
393085     52998      10255      10163      21919      14251      8711       4163       20         40         
3866       13814      4596       5814       8895       5068       9936       3408       27         34         
5934       13809      8746       13777      28897      13047      12563      5434       60         40         
1607017    285702     103597     140909     40770      79517      91540      7782       77         48         
743063     50779      2064       7159       7288       13886      12661      3599       78         43         
