Delta      Theta      Low Alpha  High Alpha Low Beta   High Beta  Low Gamma  High Gamma Attention  Meditation
1911028    701136     169697     125826     73286      71060      22815      26947      0          0          
215602     13292      1399       3147       2494       1538       1055       332        0          0          
118888     30489      4422       3494       2208       2678       1726       1432       0          0          
1041901    256403     137561     70905      87021      42364      44091      3128       63         51         
586839     65199      62066      15821      23015      12905      6428       5673       87         74         
120115     24834      5191       14688      5963       5808       11166      4444       100        87         
531487     46484      27657      20107      8156       6470       5640       4319       96         100        
19630      25810      5846       18470      9273       5009       5854       1402       80         100        
475684     232312     9091       36320      23224      16635      6826       4601       38         70         
223580     73100      9022       5718       3569       1449       740        271        1          47         
107350     22528      1033       2419       3042       1075       2057       374        10         8          
59439      35637      18258      15829      30641      6446       4807       2366       17         4          
30078      20474      11945      11109      4264       14138      2678       2931       60         37         
31757      9227       18271      11226      9682       7793       7819       3445       94         70         
32009      46801      13881      19323      49275      8640       8009       5124       100        91         
875559     116885     9659       27924      10435      20218      6356       4613       97         77         
33146      6250       15406      3967       10145      4457       2348       2447       88         81         
374725     14341      3111       4256       4231       1670       1694       1165       75         63         
112586     67856      17223      7043       8229       9468       6965       5369       74         56         
34012      24811      5799       18640      4396       4783       6473       4998       69         77         
9162       19241      3864       10652      11680      5864       10020      1039       67         61         
9397       5498       3585       1691       8168       4729       2690       1866       88         54         
14292      9428       7629       6754       8184       4538       3046       1798       93         75         
10604      16585      6132       2390       3413       11528      4400       1732       100        56         
8220       6610       11534      3594       4126       5196       6649       1660       100        74         
162862     48896      9094       5232       6273       4685       1641       1352       90         67         
