Blink Strength
76        
57        
63        
63        
64        
74        
65        
63        
71        
59        
102       
95        
86        
110       
127       
106       
67        
82        
60        
58        
75        
102       
36        
100       
46        
34        
74        
92        
72        
69        
54        
93        
58        
76        
78        
79        
70        
77        
65        
65        
71        
65        
73        
67        
69        
108       
70        
57        
65        
54        
91        
84        
85        
88        
81        
60        
63        
106       
90        
56        
65        
56        
90        
71        
76        
69        
84        
69        
34        
80        
84        
83        
79        
72        
75        
80        
83        
85        
68        
59        
92        
83        
96        
