Delta      Theta      Low Alpha  High Alpha Low Beta   High Beta  Low Gamma  High Gamma Attention  Meditation
61230      18018      15543      16191      6583       3098       845        3143       0          0          
110603     164245     18396      56561      29916      17623      4478       6623       0          0          
1239125    53430      106068     68819      31252      27098      6015       1844       0          0          
1730726    208341     16826      73491      42507      26913      10388      6932       41         30         
1604618    240048     27784      50319      28645      18833      18998      5263       34         21         
2283896    309898     8932       24156      19428      33795      16467      7049       41         3          
187677     40227      1150       13335      7687       2753       2714       182        24         1          
1727621    144642     31271      25284      31017      26297      22038      3735       37         1          
1156686    199596     26939      52800      7607       26446      16768      14038      47         7          
175195     36656      8345       514        1815       9610       3037       3558       61         14         
754314     37314      1946       3326       5139       2188       1119       613        64         4          
864191     53431      16575      8071       3154       6625       2717       847        48         8          
1058157    249731     42018      27673      25143      33315      9030       1776       53         4          
2272784    1407155    207836     89381      241178     102950     40704      10595      53         4          
904543     216406     53083      6814       50979      22960      13434      3350       27         4          
292907     36796      5069       4061       5942       8295       3480       1509       61         10         
281449     105165     18419      19572      17341      8869       4303       3427       54         4          
1133742    278936     35661      14933      10388      5086       12293      1881       29         1          
1584489    96922      82185      10728      10585      26694      14884      5013       51         14         
993943     126906     68310      25030      14914      16360      15965      3981       38         29         
30578      4984       1816       474        1300       2959       2165       510        70         27         
263588     317567     15517      36708      47064      14166      7837       4588       83         24         
341973     8659       2635       1000       893        892        134        161        64         17         
1524489    175485     30495      46241      40486      30324      11914      5032       64         10         
114626     38247      17839      5302       4024       2126       1642       625        35         20         
