Delta      Theta      Low Alpha  High Alpha Low Beta   High Beta  Low Gamma  High Gamma Attention  Meditation
362983     265078     71168      26765      20509      11026      8228       15842      0          0          
198616     190844     5041       17009      6263       20284      10768      5007       0          0          
707255     17645      20924      5770       6094       6047       4721       5812       0          0          
176580     36035      4138       55977      6932       12031      11517      3205       51         51         
53157      28981      8100       39375      8370       12394      4369       4146       66         63         
58462      20943      5487       45475      6779       9653       3555       8567       78         78         
61731      14330      9804       19914      1893       2919       2352       1009       81         93         
77745      21594      38548      92725      13189      7677       2789       4830       69         100        
5839       5319       4300       62496      11680      7154       7542       2792       61         100        
24290      37903      9696       156820     3857       12631      3952       2060       51         100        
4930       10607      12079      89715      5983       7036       3400       2349       51         100        
96031      20556      2615       20963      2808       2154       1565       368        51         100        
16135      57227      19651      112367     5827       10635      1803       4327       44         100        
18624      12343      25623      30130      15651      6536       7790       2971       50         100        
15321      50103      102833     48307      17491      13560      3472       4346       51         96         
74844      18783      74285      9614       3566       17705      5547       4413       66         100        
10966      26297      36828      16479      6838       16965      2760       2027       84         100        
23538      84206      74654      26519      8410       9211       2754       2180       77         96         
19559      32455      6325       117613     7442       14065      11663      2962       81         96         
44268      14486      21448      27997      5080       13161      7643       2708       81         94         
49778      30872      153642     4175       13966      8083       4932       2121       60         100        
82763      11116      43810      43093      14994      13283      1604       2153       75         100        
16502      48461      38907      76831      11059      7614       2926       2786       64         100        
42596      28742      195605     51839      6942       11615      4388       3160       43         100        
12934      20255      6806       91493      4488       13168      3189       3208       54         100        
