Delta      Theta      Low Alpha  High Alpha Low Beta   High Beta  Low Gamma  High Gamma Attention  Meditation
85466      93679      64617      37998      16059      7257       9775       11876      0          0          
200045     22516      6966       6113       8880       10302      8341       3791       0          0          
482404     31004      3062       18283      5154       9540       3192       3605       0          0          
93953      82147      17768      2421       3371       6118       8733       2351       35         30         
31249      14675      3462       17580      13979      12995      33500      10793      50         37         
134483     99800      42013      94185      22913      34985      16002      5377       56         50         
3348548    357702     70209      49709      25428      34267      30875      10814      54         48         
284321     223634     45353      8560       29613      9700       35008      24791      50         47         
118720     16723      1959       2554       13995      9726       30903      14126      51         23         
581266     290362     26001      6378       13329      19989      20717      5095       43         1          
1123675    44302      25249      21685      21231      27472      20045      8694       57         1          
358490     72705      7002       5318       11572      19940      19101      19704      78         1          
290181     88419      25898      58333      15114      19304      22281      10517      63         20         
545158     43926      7780       9244       8381       2425       1503       1258       60         37         
552341     46665      20974      24153      16166      11093      7650       4667       48         40         
204055     26850      7204       1522       3793       4727       2267       546        43         50         
540240     43573      29984      14260      18542      14075      10045      4385       47         47         
1758930    202174     27573      52529      38054      15969      25350      2521       50         44         
488092     264749     167869     53832      9311       12928      9097       6141       35         48         
647362     61242      17780      16925      2676       9707       2623       1842       30         57         
581648     283656     73350      30253      58343      39924      21299      9120       26         48         
496837     26391      6316       9888       3469       2958       1579       543        27         54         
321934     101160     2829       19141      6182       9886       4143       1727       40         34         
824303     23041      3758       4826       2461       3115       377        978        38         26         
947857     531715     283115     176033     57412      35837      51014      15531      26         41         
276167     61233      4363       3541       3009       2148       1911       279        17         21         
