Delta      Theta      Low Alpha  High Alpha Low Beta   High Beta  Low Gamma  High Gamma Attention  Meditation
1440998    1172866    332265     118597     79995      33264      35042      45090      0          0          
156548     107778     4257       1598       4037       2503       4990       812        0          0          
2236215    60041      103198     54060      21792      11745      6619       5361       0          0          
525095     139334     30934      13184      23492      20657      31896      16510      53         40         
91845      5611       1676       2815       1969       1690       810        628        74         44         
94292      30496      3030       2005       1585       1566       532        313        74         43         
63734      195773     5250       4760       6971       4912       1321       1141       66         34         
580659     87235      7205       54229      35707      8811       12319      11144      57         38         
604717     114787     36935      60997      38082      18302      12019      15871      48         38         
852137     187006     4265       7384       9428       4337       2773       1341       40         34         
412898     119439     8458       6366       12563      5185       3687       1014       44         38         
65653      7088       990        408        637        693        607        232        48         30         
242492     189911     17885      16702      17671      12091      14905      5614       41         24         
119450     17369      1257       2571       6678       3618       1171       363        67         29         
214774     155952     2577       37404      10474      22215      7370       4433       83         35         
1214052    31441      7451       19667      9762       3136       4088       1482       80         43         
300587     399163     14978      30586      31402      5832       11643      2720       61         40         
57991      19544      7172       10601      11706      8152       12771      6184       63         48         
95495      35391      2062       3183       2719       2856       2730       1849       57         44         
261812     30289      23453      20114      8408       8389       13052      2676       67         47         
198647     13935      2215       4486       1103       978        401        170        84         54         
605463     274723     28331      26585      21368      27014      9786       5203       74         50         
118445     27603      13786      2137       3531       5601       3217       574        80         56         
387938     350765     33704      8602       14202      34944      8359       8032       78         44         
95625      85070      26003      24331      3534       8571       7209       3846       81         44         
2536748    584672     79994      11959      34245      28516      4077       4559       70         44         
