Delta      Theta      Low Alpha  High Alpha Low Beta   High Beta  Low Gamma  High Gamma Attention  Meditation
571204     200190     47350      64761      14226      10615      17307      14958      0          0          
44360      9000       808        1154       2917       651        780        532        0          0          
316582     61149      17967      3652       2656       1959       1426       297        0          0          
311937     230423     11138      9805       10292      9084       2796       856        40         30         
1567818    95405      31279      12210      10582      4836       2381       2733       40         41         
32966      15873      3186       11323      17595      15489      3125       1237       63         51         
537795     84902      12168      12378      5662       3233       1650       425        51         56         
12364      10433      6837       11778      4333       5096       1597       1612       61         87         
680664     82337      11747      9054       5336       2831       1468       594        50         80         
7213       9773       5571       18138      15487      13644      13341      2074       47         87         
6834       8124       583        13260      11385      10141      6392       3136       80         94         
21635      8943       3692       3883       8811       6400       5364       1970       90         81         
972410     340419     35923      61903      29510      26067      34293      8425       97         81         
417891     35435      45629      18632      6111       3403       1719       825        67         88         
82792      13792      1878       4212       2229       1405       789        1029       44         81         
12849      14653      7093       4659       7512       10151      4214       3245       47         80         
304454     89149      4594       8038       3551       3381       3014       1233       40         74         
16811      11445      9682       6924       3163       7257       8063       5048       64         66         
318096     20475      12091      3411       3214       2799       1607       560        66         74         
12705      4475       2984       3907       7405       8962       4363       2892       69         74         
3133       17238      5131       7784       11130      12320      7814       5184       96         81         
318104     24510      847        2744       3062       1922       1611       1656       78         61         
80919      21397      7680       11317      11293      16414      7455       3741       96         56         
19183      16281      11943      7699       9732       6256       3720       996        81         63         
50801      21706      26451      3783       3480       5394       794        1455       66         75         
593821     100201     58078      28891      6860       39157      16150      5832       78         91         
