Delta      Theta      Low Alpha  High Alpha Low Beta   High Beta  Low Gamma  High Gamma Attention  Meditation
196600     441213     47313      33603      9860       5087       8943       12408      0          0          
292889     222295     41098      27115      9284       77477      21320      8663       0          0          
582698     81548      4671       8064       2749       5103       2148       1227       0          0          
99010      59982      16302      21240      25220      15039      14916      13478      50         54         
269814     24977      12896      1198       4664       2387       1754       521        53         70         
73625      62652      19068      3896       2966       2880       914        665        53         81         
273805     23268      25298      12747      1689       6436       1783       1601       60         100        
70561      43867      27015      37548      9704       11790      8178       3003       56         100        
105062     166605     24158      31226      14491      7679       5739       4457       53         96         
186958     15930      2000       2088       2114       1586       411        293        57         80         
203060     493624     25953      6621       12779      9570       8012       4047       48         38         
192904     95758      15612      3919       1963       1985       2898       903        37         14         
120314     37751      12819      9500       5581       2863       1920       702        38         23         
466294     33596      9953       4252       2120       2463       1445       645        37         34         
195871     33226      50436      24501      3310       11979      7629       3613       48         75         
63276      24194      8469       2890       2143       3200       1481       938        57         83         
72304      63118      4903       1976       4571       9439       3714       1177       64         57         
107737     4415       898        847        971        990        257        132        70         53         
164446     18792      18086      5038       3510       2100       971        492        66         47         
10498      5052       9226       4826       15362      7392       5034       2124       77         50         
147312     33135      13892      1495       2196       2733       2032       568        70         69         
993726     124226     23597      22933      15850      14457      4488       1769       66         69         
217559     22027      994        9432       8151       6797       8813       1349       77         53         
132656     55358      4367       3904       4284       3946       2157       1644       64         37         
67263      65859      16932      21679      18799      17124      9676       3437       70         37         
346110     93576      16509      7820       7490       2842       2631       2143       63         34         
116792     16075      18057      21189      25848      18423      7489       7582       64         44         
2035241    355551     85541      100866     43302      21131      27047      3018       63         60         
754505     45155      10316      5543       4431       1453       748        323        50         57         
157938     79233      15102      19704      3462       5623       4524       1015       54         64         
61323      23857      17148      11554      5956       7574       5806       1420       50         66         
268761     46577      5361       1430       1537       2460       1335       1884       51         51         
242659     43278      4585       3274       3188       1838       2655       1390       53         43         
35170      22881      14874      3899       17690      12895      11684      1321       64         41         
274787     86725      6420       4024       2372       1544       1172       947        51         17         
26432      10750      7323       9731       11846      7318       5129       6778       63         37         
257622     35667      5625       3567       649        3099       1289       671        66         40         
6151       18668      20602      3864       4851       23382      5107       3623       70         44         
1786655    354786     58831      32530      25217      13415      13042      7718       75         53         
23242      10505      518        3510       1611       2258       1748       1579       70         43         
11131      12576      7910       11583      9091       8069       4366       2793       78         56         
32166      76524      1710       2732       1810       1897       1262       1107       60         29         
1333796    250047     80469      162575     24829      18830      7548       5344       60         48         
463435     65171      19493      14843      28061      9327       6922       6658       57         51         
219905     17162      13856      27471      13927      10563      11664      1773       54         57         
56948      25524      2991       9148       9928       6984       4100       2612       67         78         
117418     80117      15606      4379       3649       6684       1157       1441       70         60         
166627     22665      30622      16007      3449       11172      8467       2659       75         77         
163454     86352      10809      14250      11574      12603      6507       3339       70         57         
74177      8842       12063      19383      21068      16260      16715      3908       77         69         
29400      45635      9039       2736       4281       1434       862        626        69         70         
123833     5259       780        1831       417        623        307        294        66         57         
59446      48417      27201      6141       1808       2859       1481       1996       57         70         
15919      16176      7877       11533      4860       7757       10479      4423       54         69         
649641     75881      67633      19110      25159      14313      17897      3110       63         84         
925582     161979     48859      14036      7079       7084       8691       9287       57         83         
72462      114403     9701       6523       2118       3192       4365       1433       54         63         
396911     26463      4422       8094       2813       2227       1184       1213       47         56         
181064     60953      6701       10009      7617       3206       2170       1434       41         43         
196254     15264      1630       12394      3272       2509       1626       1239       47         50         
59695      25395      12479      7173       15434      10737      3190       3205       61         61         
200986     31446      11191      2119       2054       5134       1904       924        66         60         
438422     208390     3414       11276      7414       14875      2933       2285       69         43         
35506      28216      15683      3502       11996      29138      9669       3784       83         30         
266784     13628      4585       7491       3877       2456       1270       970        78         38         
22712      9372       30745      6046       12956      7716       12178      4580       80         54         
56318      28448      989        413        1392       730        271        101        74         53         
93426      28421      13688      20753      13861      9968       8387       7462       63         64         
8324       3734       3905       34966      3837       10186      18207      2784       69         78         
2016972    404833     59413      74841      16967      24073      11236      5950       60         61         
51095      13556      2611       13646      12103      11136      4440       3265       77         87         
322068     411705     23057      29438      21220      12388      9745       3188       66         64         
155170     81303      13662      2140       2765       2215       1311       660        51         40         
43075      17109      3079       16776      12144      11657      5604       2277       64         43         
5925       6703       1973       23099      13999      5114       3694       2044       57         51         
112310     16508      13154      9879       19873      8066       13676      3980       70         67         
222458     78297      9781       12664      15708      3550       1807       1668       75         70         
371126     72985      36872      25788      18857      14844      12626      6108       67         74         
87757      20796      1886       1797       850        696        350        199        56         54         
243634     79308      20289      45767      14768      14924      6969       3893       53         56         
6931       10979      1141       3503       4633       2742       1240       751        63         57         
673219     24601      8302       5250       17501      9612       1778       1682       67         50         
88285      47377      11646      2112       3359       2897       778        909        70         53         
249184     18744      1389       2087       2366       2711       1613       519        74         37         
81601      26556      16919      20741      6387       9557       5578       9201       74         50         
107770     12614      1346       1092       372        728        338        281        61         44         
99874      32531      9740       1299       3115       9255       6031       2475       70         44         
51324      27950      5081       5014       790        1149       500        433        63         54         
2002229    311772     34239      19410      40285      22777      10056      4447       56         35         
238419     48005      16113      12392      5298       15234      7398       924        64         43         
62373      15621      2264       1380       857        3565       1694       811        63         40         
65299      25359      26785      23258      5284       2038       2472       2770       63         56         
466510     76562      30026      4645       13899      7741       4937       2231       64         66         
119115     33036      10703      6732       6503       7893       4643       1689       63         66         
366085     160912     7113       7602       10413      4318       3455       2270       50         57         
515085     231373     44937      46512      30672      15028      12010      6141       53         41         
35321      13139      1398       840        1129       3364       1723       848        60         29         
435760     24820      4712       3901       7220       3802       2096       426        56         24         
58024      19937      12976      6262       4362       10579      6466       1140       70         44         
335731     18965      5164       715        1980       2820       1489       355        77         41         
112518     13759      3306       2197       1264       1192       174        124        69         51         
156296     22020      7117       1743       2692       2412       2354       811        66         54         
50664      3638       15755      9256       4719       8997       5800       3268       67         64         
377128     171462     22985      20976      17240      25050      7138       6101       67         63         
144868     20561      8323       6949       6478       4476       1573       1744       74         66         
198134     60165      1123       27277      11343      12987      8418       5271       78         66         
381678     305115     36671      28789      55101      22786      13558      4791       66         43         
510426     109812     34499      29417      9418       14341      4692       2411       64         53         
55558      48798      8670       20047      13938      8855       5984       5620       64         53         
155866     30026      2771       4710       1300       3495       2348       2995       61         48         
140051     19177      1711       593        463        552        160        291        56         43         
371598     112413     9040       3607       4833       2419       1777       681        47         27         
550535     24616      22557      7524       11216      3096       1981       1985       41         35         
83453      20302      11415      12512      4347       14754      4737       5142       50         47         
144956     17378      14825      2953       2190       983        2601       1719       50         66         
66809      23873      9022       4221       13637      20786      7668       7001       74         75         
279703     9351       1962       2429       1565       2447       1361       524        80         64         
388353     82222      21272      19937      23065      29518      14171      4864       77         56         
358164     6595       11110      3407       7770       2808       2164       799        87         56         
242636     35301      10989      3118       3533       2786       1262       1488       70         61         
233010     85190      11239      4625       6259       6491       7459       3484       64         54         
161243     76492      18087      9437       17086      11871      7301       5106       60         54         
419431     37369      4176       3879       7555       5154       1454       1308       60         37         
113811     14696      6378       705        1802       597        244        153        56         38         
166101     10793      4066       3157       857        849        527        129        54         51         
42062      12468      9057       22462      14451      11367      4310       1284       60         63         
225091     62933      1279       12888      5150       4151       1732       886        54         64         
64043      64558      7908       2522       2256       1450       1300       1619       51         54         
269022     70623      3475       16754      2684       2633       588        392        48         44         
9676       12019      8840       3086       13997      7932       4325       1951       50         35         
289686     271984     71917      15611      15261      9584       4805       2187       47         38         
87259      27493      16108      4429       2864       1792       891        860        51         54         
89497      43803      23238      6388       13533      3600       7799       948        54         63         
1489679    547270     17629      9748       29688      17112      8455       4989       40         41         
24288      28423      6223       5934       4239       9093       8429       1706       53         41         
77549      15512      1164       2845       527        656        432        148        51         29         
128334     23402      1786       194        795        664        504        233        47         10         
16107      11858      7495       15098      9332       11461      6554       1696       63         40         
211343     18277      608        3201       1291       2194       1169       979        57         35         
4782       17253      10921      1385       7861       8603       5846       3145       70         40         
72389      42565      16462      4971       1862       2259       2187       365        74         57         
60697      10818      1530       674        801        693        187        177        61         43         
260240     321332     1434       32181      6838       17545      10460      3186       57         38         
182878     62148      26155      6556       5391       24477      17113      14309      56         38         
1551863    29678      6329       2938       12261      14180      8940       7491       70         27         
63266      22576      3212       2035       2319       5452       1396       541        80         27         
28853      8755       1813       17790      11792      8443       5315       4182       91         48         
311970     43141      2302       3338       1105       5596       1688       655        87         35         
35665      37142      8320       13257      8722       13722      14429      3161       83         43         
1089032    108173     37892      8143       7151       7331       3631       3570       75         51         
44782      21607      29383      21082      4549       5177       3550       1868       64         61         
882433     79570      37019      14825      17094      7162       2664       3100       57         77         
39317      25675      9676       6831       23914      12285      6568       6512       60         74         
209516     16753      5315       12748      2806       2240       1399       780        61         83         
53702      63146      4695       7390       4783       2711       1407       1592       54         57         
63669      31431      3294       11150      6153       4160       1064       639        60         54         
2325       15675      1855       6367       8935       5520       1903       696        57         54         
403588     55957      16232      4600       4305       7859       5943       4403       61         44         
5728       25931      14181      10618      4648       8539       3367       2125       70         60         
241891     43852      1072       3610       2334       4694       1513       1377       74         44         
38725      17636      8400       13942      4669       10573      2334       4156       75         53         
973921     47891      13594      14029      7958       8639       2813       1303       75         56         
26459      44513      15071      14690      10451      8073       6654       5950       70         53         
581928     30586      5619       2498       3109       2510       958        370        67         61         
116886     226205     93733      11023      17041      17751      6399       4501       56         56         
87284      30569      2618       6457       4168       13475      4840       2945       64         48         
144691     24607      2476       2995       2607       1628       828        792        60         38         
14186      32472      19022      14944      10264      10801      9427       3316       64         50         
347948     67109      8363       5181       4341       4358       1644       514        64         41         
2498       8770       6672       5984       32640      10685      6364       2678       66         43         
93931      46166      8075       1864       8605       722        706        483        56         43         
15153      10916      13705      14792      8804       17832      3791       2157       64         44         
105049     438388     51252      13643      13570      9096       3378       5280       56         41         
51282      22820      18236      41370      6355       5660       8542       1895       43         63         
148288     5325       304        1315       1709       543        255        132        54         64         
51618      25065      5465       1142       12796      9619       4750       1885       53         47         
16483      7725       9095       8198       9122       13729      8037       4716       77         63         
