Signal	 Delta	 Theta	 Alpha1	 Alpha2	 Beta1	 Beta2	 Gamma1	 Gamma2	 Att	 Med
0	 1239095	 1198704	 168490	 90857	 47797	 32730	 35578	 62755	 0	 0	 
0	 2043029	 115873	 24054	 45020	 7933	 33344	 9059	 9819	 0	 0	 
0	 432082	 63286	 4447	 4803	 5057	 6470	 1720	 2163	 0	 0	 
0	 66622	 57099	 6613	 37013	 16002	 10136	 5209	 5343	 47	 51	 
0	 489975	 50413	 12804	 7360	 8610	 3103	 1963	 1858	 44	 56	 
0	 1811539	 105298	 11570	 20885	 3635	 5342	 4983	 1312	 41	 61	 
0	 111939	 66670	 18300	 7919	 12209	 21649	 12915	 5166	 56	 64	 
0	 22294	 7845	 3440	 7982	 10525	 15095	 4503	 2943	 74	 57	 
0	 134619	 4785	 12759	 18900	 6759	 10177	 6730	 5873	 90	 77	 
0	 43594	 51556	 8958	 12471	 5603	 8552	 3327	 7092	 100	 74	 
0	 224430	 267647	 12262	 29499	 36515	 30958	 7120	 4372	 90	 61	 
0	 177549	 21754	 22625	 21302	 6965	 35194	 33852	 2877	 87	 67	 
0	 272894	 15505	 37310	 9911	 4540	 14830	 9486	 6815	 84	 67	 
0	 87546	 3812	 810	 2314	 2568	 3877	 1871	 694	 100	 67	 
0	 44953	 35035	 6477	 15182	 13838	 13261	 3989	 3979	 100	 80	 
0	 16958	 13855	 1827	 10496	 10646	 12719	 9119	 1916	 100	 69	 
0	 14478	 37895	 18898	 14349	 12632	 11977	 3891	 3691	 100	 57	 
0	 355944	 74201	 13430	 1991	 20720	 12538	 25927	 3344	 90	 50	 
0	 21149	 19764	 14312	 14456	 14174	 18613	 9788	 1496	 96	 57	 
0	 579403	 27547	 4744	 7925	 15616	 12474	 3499	 2554	 91	 53	 
0	 19672	 25389	 6581	 4680	 3028	 5943	 5407	 3226	 91	 44	 
0	 59027	 15833	 2858	 2274	 10131	 4907	 819	 1319	 96	 47	 
0	 479359	 44947	 8024	 3593	 2446	 1066	 1778	 629	 67	 35	 
0	 670769	 196224	 31236	 12924	 21898	 5788	 9432	 2871	 44	 34	 
0	 125181	 18430	 1608	 20854	 7296	 4838	 9103	 2601	 41	 43	 
0	 13833	 4676	 7639	 6058	 8790	 6886	 3334	 3918	 47	 63	 
0	 3084	 7995	 4377	 27552	 14023	 19565	 2010	 918	 77	 78	 
0	 90179	 47167	 9731	 18649	 15554	 16606	 9759	 2798	 96	 87	 
0	 307237	 90003	 10330	 8804	 16286	 9817	 15005	 3559	 93	 66	 
0	 621454	 296227	 67089	 19190	 8259	 11354	 21702	 3143	 69	 54	 
0	 1072779	 43987	 11154	 14794	 10223	 26818	 10579	 2387	 67	 43	 
0	 529533	 31661	 14475	 11530	 5766	 5401	 9803	 3975	 57	 50	 
0	 70893	 53328	 2221	 21093	 15691	 28591	 29001	 12690	 70	 54	 
0	 495626	 68454	 14140	 8384	 13562	 15846	 19130	 4271	 88	 53	 
0	 82341	 24746	 5311	 10438	 13593	 4295	 3807	 1690	 77	 54	 
0	 183972	 53130	 37930	 14420	 9356	 16615	 4231	 4060	 83	 56	 
0	 227495	 67828	 47885	 16387	 21603	 35065	 33551	 3645	 80	 66	 
0	 585298	 274873	 31346	 12921	 3597	 5299	 3773	 1009	 57	 60	 
0	 272366	 56266	 18929	 8323	 4143	 7650	 2097	 927	 54	 60	 
0	 530829	 174513	 13633	 13356	 21681	 10984	 8611	 23928	 44	 40	 
0	 354647	 28838	 11473	 4099	 1756	 5893	 3608	 1004	 38	 38	 
0	 5908	 4414	 6331	 1245	 2589	 2819	 2278	 2645	 63	 60	 
0	 50426	 53051	 6391	 8925	 10332	 5336	 4255	 904	 61	 51	 
0	 1009019	 94514	 27770	 14900	 9184	 11891	 3807	 2000	 66	 64	 
0	 93383	 57816	 8240	 8821	 13089	 18818	 28343	 13892	 70	 53	 
0	 579204	 134531	 1511	 16039	 20314	 23148	 22137	 4430	 66	 26	 
0	 229636	 122437	 17207	 9158	 3063	 6214	 2598	 996	 61	 24	 
0	 18417	 15271	 3461	 2226	 32072	 24525	 19646	 10590	 81	 4	 
0	 17288	 21351	 1843	 6300	 11410	 10771	 6899	 3027	 81	 4	 
0	 571132	 14610	 801	 3898	 18239	 19981	 9951	 6123	 96	 3	 
0	 97114	 13689	 2265	 69	 987	 709	 276	 362	 96	 1	 
0	 27615	 23210	 7797	 11095	 26758	 10616	 7267	 3988	 84	 20	 
0	 243223	 16572	 1143	 2038	 7287	 5895	 1784	 1861	 83	 11	 
0	 161423	 29001	 6191	 12596	 2463	 4740	 1510	 1613	 63	 35	 
0	 1091930	 103529	 5346	 7489	 6498	 6451	 3996	 1573	 64	 29	 
0	 84160	 135668	 39260	 39192	 32732	 12615	 6438	 3864	 53	 34	 
0	 36030	 25217	 24587	 19756	 18602	 19107	 17151	 7560	 51	 57	 
0	 58221	 28093	 4793	 10592	 5163	 3888	 2226	 1070	 51	 54	 
0	 2772556	 65770	 7326	 24562	 14442	 31849	 16266	 4749	 66	 67	 
0	 223577	 13906	 1946	 2125	 614	 640	 490	 99	 63	 63	 
0	 130692	 172638	 15385	 3331	 41542	 39261	 18995	 7886	 61	 34	 
0	 34892	 26874	 6582	 41147	 7326	 10356	 10604	 6583	 63	 47	 
0	 146117	 53774	 14821	 3954	 3940	 2308	 4279	 1378	 43	 47	 
0	 141730	 4211	 6459	 8501	 11490	 7816	 14511	 2517	 64	 57	 
0	 141151	 10378	 3622	 1365	 1170	 557	 354	 1039	 50	 81	 
0	 93630	 13979	 989	 1899	 3742	 4546	 1612	 1998	 54	 54	 
0	 317917	 34220	 9260	 4690	 3808	 2479	 1300	 695	 57	 56	 
0	 2479	 4243	 517	 3805	 8339	 9302	 11484	 2967	 66	 40	 
0	 42661	 6932	 13469	 8691	 10985	 22970	 10800	 10007	 93	 43	 
0	 261391	 28638	 4621	 3964	 2263	 1549	 1814	 736	 77	 53	 
0	 230103	 54900	 35738	 10776	 18742	 5875	 5660	 1148	 78	 60	 
0	 291503	 49579	 16409	 12378	 11069	 13627	 7745	 10790	 63	 67	 
0	 99420	 85890	 2164	 4888	 5495	 3473	 2381	 3332	 37	 41	 
0	 1212025	 45857	 23772	 13196	 6092	 6385	 3072	 2386	 41	 53	 
0	 22994	 28310	 11328	 10369	 17525	 19420	 22287	 1803	 57	 44	 
0	 152234	 172291	 35490	 3916	 21192	 27083	 11584	 8753	 56	 35	 
0	 305850	 42284	 12356	 3520	 9259	 6396	 2708	 1160	 64	 51	 
0	 179155	 68565	 9946	 2512	 9826	 6789	 3141	 2850	 66	 30	 
0	 50361	 63908	 3855	 18825	 20594	 14386	 16106	 7173	 60	 27	 
0	 52515	 42065	 16543	 7314	 8060	 14621	 15374	 2313	 63	 37	 
0	 25786	 60019	 40134	 37189	 43136	 20524	 7465	 6722	 66	 47	 
0	 1547425	 65835	 22050	 18056	 12669	 8153	 4458	 3829	 64	 61	 
0	 1026955	 37616	 26254	 20768	 8406	 10459	 18855	 7117	 63	 80	 
0	 149924	 7168	 2858	 1828	 536	 711	 344	 233	 51	 84	 
0	 1872873	 71227	 4171	 26603	 18632	 4704	 13989	 6168	 43	 78	 
0	 82306	 13204	 25270	 46408	 12634	 8503	 5421	 6559	 44	 93	 
0	 40644	 11906	 22770	 154185	 8043	 8330	 3772	 3579	 37	 100	 
0	 29895	 45868	 21484	 25025	 6801	 6386	 21962	 3533	 37	 94	 
0	 1818447	 175770	 56326	 67778	 10152	 13228	 10703	 9230	 35	 93	 
0	 165728	 13939	 3303	 3442	 4460	 2983	 3299	 1202	 38	 66	 
0	 593930	 139190	 20822	 16072	 4819	 10257	 8704	 2393	 40	 38	 
0	 67038	 23842	 7094	 19773	 13335	 9665	 11017	 11181	 48	 35	 
0	 28946	 33796	 60340	 34813	 15768	 10621	 13573	 12267	 54	 43	 
0	 229174	 9242	 15050	 31494	 8966	 8196	 8704	 20725	 56	 60	 
0	 27743	 10807	 65147	 93118	 8019	 15973	 14729	 6167	 60	 87	 
0	 26920	 20296	 19142	 48887	 5629	 9822	 11460	 10745	 56	 97	 
0	 9213	 7910	 105774	 11773	 12673	 10004	 13297	 7652	 54	 100	 
0	 1636533 8846	 25524	 21314	 13137	 6150	 2227	 3408	 51	 100	 
0	 64725	 57475	 11703	 14632	 15077	 20297	 5675	 5203	 60	 80	 
0	 200416	 123594	 1716	 2885	 6002	 1992	 344	 365	 43	 48	 
0	 2069907	 134216	 40222	 22679	 15429	 11435	 2800	 1767	 40	 29	 
0	 208866	 50499	 11896	 8992	 4599	 4188	 1454	 626	 35	 20	 
0	 248309	 16941	 7399	 6374	 16339	 11773	 11186	 2639	 40	 24	 
0	 163519	 151751	 28151	 17205	 27566	 60718	 40097	 15082	 64	 40	 
0	 1162143	 132197	 31055	 29284	 43527	 50244	 15657	 11608	 78	 35	 
0	 663171	 226176	 28458	 36145	 22963	 10189	 15196	 15561	 74	 34	 
0	 46449	 22939	 7176	 15863	 11137	 6688	 7043	 3019	 64	 38	 
0	 45913	 6714	 8934	 2918	 2191	 744	 208	 210	 47	 51	 
0	 1399603	 149973	 39560	 77491	 33530	 40545	 9610	 10722	 41	 57	 
0	 124423	 208727	 12410	 14000	 5129	 6784	 10124	 1246	 40	 51	 
0	 1035455	 133271	 15483	 12784	 11456	 5453	 3868	 2181	 26	 41	 
0	 1108662	 86871	 48192	 4584	 7426	 9677	 5125	 4843	 30	 35	 
0	 727357	 80278	 24310	 11419	 20187	 8596	 2565	 3551	 26	 30	 
0	 88655	 15200	 737	 2098	 995	 988	 883	 1040	 34	 34	 
0	 30174	 41676	 3856	 6797	 5220	 17599	 7981	 5867	 53	 34	 
0	 144182	 19383	 2079	 7201	 7112	 4309	 4359	 3678	 60	 27	 
0	 95401	 52362	 29832	 12779	 17396	 12605	 10551	 2614	 64	 30	 
