Delta      Theta      Low Alpha  High Alpha Low Beta   High Beta  Low Gamma  High Gamma Attention  Meditation
1145803    994052     198490     60125      65095      37357      47756      60024      0          0          
339509     19551      10615      14979      2976       3212       478        273        0          0          
13662      4685       3265       5900       10037      9969       5208       2693       0          0          
17125      12856      3743       1268       9908       16745      6721       1797       51         30         
318710     61252      817        3457       7407       1838       1697       667        43         16         
1573013    45353      16826      21267      13061      15304      6540       8104       47         23         
12040      5717       21722      3392       10760      11976      3337       1357       53         35         
10685      10618      11266      3203       25901      5535       4608       1677       43         44         
9577       6989       1988       13606      4712       7199       4281       2248       57         70         
11374      7170       12609      8599       18434      14969      5496       1850       64         70         
99978      51474      27066      10611      8510       7338       13013      2931       56         66         
734612     319039     49695      36541      10105      11623      7803       2616       43         61         
7308       18718      15348      4637       9470       15916      3657       2079       44         56         
18825      5790       3743       13543      5230       7759       12062      3553       43         61         
1087       5615       3641       3379       11451      7912       2890       820        54         54         
5226       17229      17285      14182      955        7379       1519       2408       64         70         
247927     68993      17020      34667      8436       4354       6633       1928       50         75         
3236       17726      3678       1230       10954      6237       3836       1577       48         54         
3694       11624      13611      6418       8031       4152       944        1744       40         66         
306130     69631      7368       4272       5624       1299       1627       724        26         44         
23664      5667       6947       7563       5573       13650      13167      2570       44         44         
11896      26523      5388       7610       29096      10162      5505       2902       43         47         
8395       20701      4519       9644       4599       13513      8625       1769       50         38         
146058     155279     2650       6713       4954       5329       991        2405       53         27         
14066      6048       8361       4420       13988      18092      15411      1321       54         23         
19394      11470      10411      6684       16247      6987       11563      1973       54         34         
