Delta      Theta      Low Alpha  High Alpha Low Beta   High Beta  Low Gamma  High Gamma Attention  Meditation
104145     47856      17424      13810      3977       3277       4342       4625       0          0          
1270872    520410     40397      39160      10445      42178      17087      3018       0          0          
599761     167826     21202      52420      9276       8691       24060      13595      0          0          
377086     76129      5256       17171      13974      11691      14688      10113      53         38         
835712     258283     36676      4950       8066       35929      12601      18420      67         29         
105601     11514      3727       1091       7843       9667       17781      4702       91         24         
627745     114691     23075      18266      5128       13857      12750      7976       91         27         
7372       24629      28384      23226      20014      25794      22940      2772       91         47         
16818      20212      17470      12650      8616       13355      22438      11386      90         70         
11339      24713      11318      20362      18618      16493      6362       8307       83         90         
395060     199002     32302      29700      42020      19563      25575      8703       80         87         
152786     28849      6891       2350       1665       1000       1676       415        48         74         
41423      8505       1819       562        221        1338       926        487        38         57         
115745     20296      3514       1770       2408       3683       6993       2663       27         43         
960102     95923      10105      18598      8169       11853      22379      15539      30         43         
62180      3538       12866      11271      9649       20675      18219      15984      69         54         
87346      11642      9037       7530       2253       6996       4305       4357       78         74         
97836      62882      8187       13850      12408      9294       10399      5150       74         75         
22682      5085       4420       3365       8231       4200       2000       2281       90         84         
7339       5048       7440       23811      6998       4606       3485       1226       67         93         
6885       7191       8453       2973       10385      6805       3494       1102       74         80         
25879      27478      699        1015       1875       1671       2660       2109       64         61         
625284     247734     10859      27162      8919       20473      13098      23589      44         43         
16705      13419      9548       4905       21783      22802      17981      15452      64         21         
452091     166094     99768      13093      7787       33098      6053       6098       51         23         
80565      10739      566        1489       556        501        1188       469        47         40         
