Delta      Theta      Low Alpha  High Alpha Low Beta   High Beta  Low Gamma  High Gamma Attention  Meditation
1157120    754935     171661     110771     61281      25715      25890      58655      0          0          
378386     16994      5048       5777       3791       1859       863        896        0          0          
38231      13630      14589      85975      13192      8656       12161      20100      0          0          
39540      15945      23634      86461      8763       4096       10673      1673       37         53         
28403      20508      7669       48008      7488       6888       11118      12919      51         57         
3751       29151      22225      230098     12672      5760       9552       8978       40         75         
186244     44884      39340      84773      8944       9997       8067       6038       47         83         
683096     225707     6294       59043      21313      13471      6526       7972       53         57         
148784     21312      27948      18134      5741       8929       5107       765        57         56         
18787      5248       6810       2432       20341      4479       5632       3310       93         30         
131906     131685     6184       5168       1386       3338       723        733        77         4          
144561     117556     19313      23193      23256      7058       11422      1364       69         8          
264130     49537      37774      87784      10240      10796      11653      3820       51         13         
272558     39701      56674      75366      16787      9122       8033       2013       27         29         
50384      13876      14454      36433      7295       9326       5448       3176       53         56         
62921      24858      24720      49970      12125      5556       11335      5359       54         74         
167156     44947      10458      64742      7258       9728       10362      5765       57         67         
680134     48300      12444      4705       16337      9980       2374       4044       74         50         
7533       13591      5753       5451       3352       13276      7938       4043       81         37         
111400     19695      5084       556        1603       1314       2306       671        80         20         
325092     39452      6430       70336      21529      13580      6726       3938       80         17         
20547      9179       9798       79296      14165      12973      7231       4392       75         38         
237517     111104     52427      50073      14347      16358      2340       6406       53         43         
39600      15698      11750      67014      8345       8114       2726       4036       57         63         
12428      18692      24178      118779     10366      7527       4260       4995       48         75         
27679      15218      50351      59333      7306       8411       16000      15837      40         78         
