Delta      Theta      Low Alpha  High Alpha Low Beta   High Beta  Low Gamma  High Gamma Attention  Meditation
1315301    1267901    148099     92304      163678     73792      50091      52412      0          0          
249869     65389      47727      12591      1903       4030       3230       1250       0          0          
34439      22471      9544       2680       2367       1806       1171       932        0          0          
356584     29444      9141       1445       4558       2294       1810       823        54         40         
461616     262096     8347       7205       9181       7515       3170       3483       40         21         
7426       4885       4083       7663       4898       3988       1777       2230       63         35         
6416       5244       2780       12354      7526       5723       1299       2125       87         48         
13642      11640      4715       5171       4607       5607       1050       1746       93         54         
4428       1604       3187       1984       4125       2057       7278       1719       100        83         
22775      13697      1705       4791       5932       8242       2172       2214       100        67         
649753     67184      9402       2419       9272       3223       1612       1337       96         48         
249317     38181      7555       31997      6158       3764       6168       6154       66         54         
58056      106304     47764      6080       16814      16132      6430       3982       44         48         
1315513    237291     49314      42899      20242      8979       3527       1891       4          53         
173817     154629     3181       24679      10283      22445      5707       5793       17         53         
2504565    183130     61059      27279      27090      16922      5133       5360       23         43         
31350      26794      16852      6875       13846      8500       4882       2897       29         47         
10310      23898      16769      11945      6474       10518      5479       2132       60         56         
145962     26152      5893       15702      14233      6572       6298       1724       61         70         
1083932    18156      8327       39975      22662      8363       6599       2599       70         81         
18918      7255       240        2508       549        876        75         47         61         75         
1586214    378439     73279      42201      41032      20921      5880       5733       38         63         
372648     43131      3793       17591      7438       11658      4262       3847       41         57         
4484       3697       14003      7395       5251       15639      5255       3397       61         56         
4529       9384       2647       7681       9086       12418      2811       3037       84         57         
