Delta      Theta      Low Alpha  High Alpha Low Beta   High Beta  Low Gamma  High Gamma Attention  Meditation
156199     149820     47604      51564      15425      4786       6472       14267      0          0          
20159      22116      24015      28659      4861       9586       7286       2109       0          0          
32787      79272      6682       149335     12082      7234       13265      9127       0          0          
912395     21657      17474      39319      8114       15322      10285      3182       53         48         
22065      5682       13283      2805       6284       4723       2708       2746       67         50         
425032     49672      21350      2165       22301      18487      11360      3716       84         30         
292000     101926     30053      13197      4461       7343       6057       3467       87         21         
465865     25235      20473      128839     12581      5073       23001      8116       67         37         
46927      12263      7575       14206      4805       2607       1592       1783       57         38         
5986       22473      13292      169915     7112       7282       6877       5583       40         80         
103507     12811      32533      36516      6311       5164       14747      13747      41         100        
445372     25950      25548      90160      13203      3370       4982       1638       40         100        
10439      18753      1692       30026      7138       5859       3239       10039      44         96         
26090      22797      3940       55093      16651      12184      8353       3894       56         77         
61312      16386      25402      39500      14261      14043      5128       3783       66         66         
21184      30115      14519      133465     11488      8927       6830       3221       74         67         
208122     32717      47274      82388      13967      11306      10686      5734       69         78         
832144     59858      51956      200781     46195      11456      5433       3242       56         88         
179995     143035     22270      12412      18400      12612      5235       2376       48         61         
89165      21235      1972       7143       1715       2801       2623       935        53         34         
70920      73205      28981      67640      11115      12683      14720      18506      53         23         
9359       17042      7981       193849     5871       8870       11455      3117       53         35         
22815      16486      20935      39276      14675      9235       10059      2569       57         60         
122811     41912      129200     21952      11097      5652       7450       3502       50         84         
15616      14525      24394      15471      14186      10517      6277       3596       57         83         
3008       19071      64912      61339      13542      13374      4896       5914       66         75         
