Delta      Theta      Low Alpha  High Alpha Low Beta   High Beta  Low Gamma  High Gamma Attention  Meditation
322269     127083     44495      55016      29620      8232       8307       14179      0          0          
649107     314402     10956      6730       5324       3595       5495       1081       0          0          
221577     9235       9961       1971       1438       1756       732        356        0          0          
572136     69604      28443      6648       9117       6745       5967       1345       51         47         
336567     40281      3785       10251      5531       4276       4244       1475       64         50         
349984     212814     32440      23100      10874      22020      8833       2851       78         51         
276151     58417      6446       723        719        1375       1340       323        75         50         
44566      30547      12862      6441       7699       10148      4312       1607       87         50         
87372      39512      7688       9072       3201       3449       835        1257       83         53         
450954     437374     11215      16330      14470      14577      6627       2257       75         41         
135707     26307      5904       6144       16460      12216      5527       2103       100        47         
213621     19142      16015      3858       1715       2965       1346       519        87         51         
162526     55933      6788       25680      14762      11974      6129       1864       91         51         
157108     77540      25152      8300       5769       18777      9721       2159       100        64         
92428      3343       755        963        419        771        556        220        100        69         
22906      25066      22645      4851       12663      9061       7734       1685       100        66         
73684      19136      9406       1751       7159       3209       945        1255       100        66         
489612     222723     35718      11683      16776      6943       2210       2753       88         61         
12461      11158      4470       17242      2165       12277      4321       4563       93         66         
148464     21376      2728       7712       1919       2413       1291       907        84         63         
115979     19787      1473       2273       784        1015       380        396        75         57         
129990     160204     22284      23282      27955      10741      12136      9468       81         61         
327112     69767      24307      83162      24190      12815      8887       6711       67         61         
83665      20525      1439       952        2761       1163       483        362        64         51         
127620     83916      11503      7301       4502       3526       3460       1343       61         53         
1284389    173312     47251      13682      13257      7422       5161       3894       56         54         
