Delta      Theta      Low Alpha  High Alpha Low Beta   High Beta  Low Gamma  High Gamma Attention  Meditation
104518     85913      44680      21273      19218      5677       4233       11647      0          0          
205503     49810      31739      15959      11082      5433       3638       2134       0          0          
34585      27852      8980       13280      14328      12448      4558       2847       0          0          
9306       26112      13493      2291       5226       8309       4642       3707       50         35         
15880      15375      6636       17314      9145       22697      7913       3238       70         37         
136869     106474     21505      35884      13358      8830       14645      3496       67         37         
83406      20165      7004       24683      11007      12746      11032      2969       81         54         
50549      36210      5783       32061      4270       13494      19333      6357       78         77         
647134     60328      20884      6936       12824      25855      9921       11318      70         54         
15795      35506      1293       2445       6881       13743      8369       17442      91         38         
189254     39670      1683       4486       4850       4061       4752       2757       80         11         
40466      3411       11172      2606       12317      20049      25390      13829      94         7          
31441      8094       10485      4009       6711       15398      18733      25111      100        41         
101579     47360      50476      12373      6219       12525      34521      10257      84         83         
191238     53989      1154       5790       1563       3986       9087       2335       80         80         
94543      17567      3160       2429       1495       6905       8224       3744       67         67         
2352655    217139     100527     3966       16601      32352      30768      5074       50         60         
893268     135169     69236      14022      43355      27942      33122      11851      50         48         
178963     154852     34561      12251      14325      18659      19476      15459      53         60         
409358     15720      5256       4767       3813       5096       4174       3965       50         69         
8401       8979       16587      3910       14548      14005      30786      18411      63         77         
489024     146529     16789      6064       17640      33861      56404      16929      67         56         
6112       5833       7269       6828       7320       27544      48355      7232       91         61         
676988     48403      17643      15489      19726      5892       10228      5833       81         64         
630182     52941      2875       8397       5621       15409      5486       13362      75         43         
382982     141503     38051      14360      11120      32978      26125      13448      74         56         
