Delta      Theta      Low Alpha  High Alpha Low Beta   High Beta  Low Gamma  High Gamma Attention  Meditation
1308327    1081203    210682     69506      52165      63753      30753      57088      0          0          
1084387    24427      10277      7236       6756       3182       1189       474        0          0          
79989      31788      46392      71975      5788       3122       9693       11850      0          0          
460937     95689      17850      111687     7516       4805       9164       4437       34         44         
49259      26211      14278      98217      6495       17522      14766      3747       56         54         
2216       32080      8128       74625      6454       7358       8025       3192       66         63         
30094      10634      8404       76211      4100       12900      4057       4090       90         77         
15500      27835      35937      123929     14222      4806       9644       3035       93         84         
13108      18347      30005      117449     4074       7058       7940       9984       74         90         
133347     30905      67521      47006      15402      4301       8236       2709       61         91         
13868      17401      38626      82437      13282      7794       10473      6433       48         91         
7748       26829      60059      39506      8156       6650       11532      4486       57         90         
6593       23186      41877      220529     9332       9730       12531      4351       54         91         
3333       16848      20100      77416      6947       5176       9628       7296       63         94         
42627      31270      12196      45741      6943       4931       4646       2224       63         88         
36162      24521      18699      201329     3987       9245       14871      3843       60         94         
110503     12214      9915       30480      1825       1687       1282       978        60         87         
14579      66599      16132      71915      8173       13013      8507       3316       69         78         
114910     16536      11330      22301      4073       2668       1922       619        67         78         
424307     118818     21428      6466       15635      6554       11833      4009       69         51         
427433     63691      7080       57401      9610       20823      14650      4950       91         41         
82414      33046      25481      213530     8906       12010      18619      7641       78         53         
45283      10573      12811      185586     11930      12929      18210      9011       80         63         
39532      14261      7205       104230     8906       7850       8969       4312       83         87         
20419      4341       35572      28012      3682       6268       4511       4695       75         100        
68998      15450      28258      276201     5071       6120       20053      9318       63         100        
