Delta      Theta      Low Alpha  High Alpha Low Beta   High Beta  Low Gamma  High Gamma Attention  Meditation
1718114    1018240    135140     183339     61998      24508      17096      46352      0          0          
237791     22242      2006       3405       1872       1264       1950       729        0          0          
23431      11130      6120       20066      6990       7495       7147       2187       0          0          
44219      21374      14955      9468       11378      20286      2013       1853       0          0          
10491      11467      8601       10399      6801       7158       2901       3097       47         48         
6877       5053       2763       2861       8749       2766       3900       2589       54         44         
98759      63949      13611      799        3642       3555       1087       544        47         37         
10109      14523      7016       33769      11252      8153       10707      3703       50         51         
20974      6868       4579       1356       4912       8074       8505       844        57         38         
58783      7543       15268      4266       5944       9676       5958       1809       61         51         
1070245    388816     23007      59976      44488      16069      13221      6172       60         51         
139779     188427     23073      21014      16908      79833      14947      25717      66         24         
248797     34303      16542      7610       2577       11675      6632       3219       56         30         
1602905    45634      16294      26634      30118      11057      12958      10462      47         23         
513505     15967      4856       5362       2726       3300       1044       1733       57         35         
403630     65253      29140      14838      11565      20085      13789      12785      53         51         
33382      10439      7929       13362      7056       38571      12445      18175      69         48         
16729      10101      1792       5190       10300      13856      11417      4094       87         35         
115932     5401       1120       1413       3185       629        692        274        81         27         
192133     159629     20446      38330      10503      5611       5202       2117       63         24         
95774      32975      23744      17603      8254       6164       2992       1210       38         37         
72872      24575      10819      7453       9065       14972      4103       3073       30         44         
97896      39240      3764       2167       1989       2515       938        227        27         37         
62061      23652      3356       2798       6003       2562       1942       1254       40         27         
1116236    560360     125982     59938      38465      35340      23395      13810      35         13         
1613282    47804      12881      10452      23382      12613      26675      7716       27         8          
