Delta      Theta      Low Alpha  High Alpha Low Beta   High Beta  Low Gamma  High Gamma Attention  Meditation
52674      36288      16348      12725      4583       3411       1867       4306       0          0          
92954      25538      1510       8411       2110       6485       3733       1293       0          0          
2323180    400636     89737      12520      26157      14611      14173      4211       0          0          
43773      8361       3793       3376       4310       3370       1938       1291       53         44         
230416     23243      2180       1836       1589       1534       861        410        51         29         
50454      20420      8335       20796      5327       11612      7242       1310       66         47         
31365      17760      4877       11236      8261       10236      8907       2786       83         51         
915041     59769      4345       17792      10997      6907       1554       945        74         41         
171280     21880      7044       3877       3006       3698       1439       950        81         60         
244448     25384      7076       6238       2963       3801       4094       1937       70         47         
375921     224855     55813      18962      14608      13068      16592      6217       50         38         
128051     45820      5574       4886       1243       3287       1100       912        47         34         
817202     41310      5644       10241      12888      4967       4670       875        43         26         
651908     45777      20948      9214       9340       18601      9786       4208       54         26         
645627     7813       11497      7229       2987       4531       2319       1210       69         51         
66116      19508      7427       10303      14022      13896      6577       2634       90         63         
251647     22946      173        3475       5156       2302       2100       762        90         50         
68425      44993      17774      29877      2091       9701       4140       5232       80         61         
273226     282275     60360      18353      18558      12870      2774       1554       63         34         
1290934    242400     85125      79031      60517      31420      12918      5985       47         38         
1133131    190579     40821      40740      11845      8097       4043       1781       35         60         
548951     109554     4768       11446      24396      9115       9062       3052       29         24         
1342929    166444     6711       3681       32514      9676       15555      3159       35         11         
199974     22879      7139       5009       2804       4486       1972       526        40         13         
687365     414311     40572      20147      31092      10480      5629       1316       37         4          
