Delta      Theta      Low Alpha  High Alpha Low Beta   High Beta  Low Gamma  High Gamma Attention  Meditation
17188      7207       2385       1738       1034       571        182        115        0          0          
2109292    548397     23991      40045      154601     67273      20042      11682      0          0          
914500     223228     39351      28678      45435      46562      11176      6199       0          0          
1294482    402015     44265      151249     81618      48287      45124      7933       0          0          
27779      10159      923        2951       461        459        709        201        0          0          
522333     107007     15318      9139       8857       4058       2112       860        30         30         
43080      109915     28761      1252       5767       2098       2352       1997       16         30         
184874     70538      7719       7713       9639       5344       5747       2681       16         23         
175964     46352      3449       5412       5243       2900       2004       673        16         10         
156778     37146      28509      3212       17240      13415      12892      6821       40         35         
1957245    87056      37232      42585      6136       13108      4006       3184       57         60         
225320     6341       1548       1464       1228       601        787        201        57         70         
174139     102535     32303      7973       4992       3478       2019       2504       48         90         
2156960    297055     100978     95301      21954      38341      20777      8302       37         87         
2396728    145372     181019     29331      53531      33403      17656      8279       41         87         
696866     269146     212703     47386      24168      32335      29604      10931      40         100        
336385     34456      5614       3069       3436       2598       1850       573        51         94         
579600     11433      389        7014       2388       1422       1644       248        51         93         
446962     82697      15096      716        5572       4202       4770       1452       41         57         
1822591    38833      2554       5130       3635       5446       4330       3195       50         21         
358521     56272      67         5357       3791       2684       2242       2381       44         10         
99340      20384      42531      10229      4530       6702       2447       1338       48         20         
1742609    27029      11030      5765       10695      6730       7035       4256       63         37         
67397      55985      26550      16474      10618      10264      5972       2361       63         56         
860454     70825      17569      5450       4209       3399       2164       1608       61         75         
487139     204025     11792      18996      20899      15540      13710      8033       56         41         
419322     535606     44374      34421      16459      18828      19768      7938       37         24         
651634     282545     62854      51866      20536      20508      9349       9052       27         20         
341603     101744     15643      8411       12301      9303       3991       2191       37         13         
1025210    256236     26531      29651      19495      13094      16282      9586       30         17         
147672     162882     32513      43846      15609      10269      14999      5305       35         34         
220782     105278     22819      23073      28469      15959      6136       7352       43         29         
410201     34861      3812       2319       5772       3475       1602       6419       44         26         
105263     5940       1275       711        3735       2100       752        238        67         24         
75001      6102       1245       724        474        1082       343        369        81         20         
382439     50984      11422      1656       6520       4846       1151       675        77         13         
44337      17628      6303       43708      8181       6353       5863       5660       78         48         
237271     28069      11327      1954       5629       4912       1046       1539       67         56         
25713      8536       4989       8936       2867       2462       2821       1552       64         75         
69935      9299       4490       1312       1780       3813       2287       1211       80         84         
93221      30441      4820       6795       3556       2371       2085       1384       75         61         
15335      32906      8024       17601      8076       14101      4592       6558       83         66         
226522     30425      4968       5827       2674       3342       3700       5691       80         50         
374294     438620     68372      47243      29198      16974      14608      8608       54         43         
227901     25435      23425      13871      3819       2874       1604       1192       51         61         
961539     162368     8960       11062      14997      7636       6402       3022       29         41         
76567      37162      17916      9998       5535       10254      3522       7184       38         50         
151607     32413      8220       2210       3359       3890       2652       1282       51         51         
142494     92874      1357       2576       3921       2652       1298       1689       47         13         
194264     72364      59759      35566      6866       17795      12098      7198       57         47         
274244     100248     2092       17547      6567       11249      4342       9412       51         35         
46443      53047      6625       6611       4362       1557       1824       1747       34         37         
22023      20880      29624      30730      27404      5312       4152       7125       43         75         
161000     22513      10362      1825       8292       9663       2668       1287       54         60         
17897      30078      19539      38477      8369       16089      6311       8777       64         81         
