Delta      Theta      Low Alpha  High Alpha Low Beta   High Beta  Low Gamma  High Gamma Attention  Meditation
409228     45339      44096      23204      7646       6597       3982       3958       0          0          
1465125    206996     50583      79932      97190      46455      36187      21410      0          0          
223446     44929      17278      6994       4792       11029      3110       1914       0          0          
349765     35114      38780      13714      9529       4500       5490       1541       30         51         
114891     260482     1058       9853       13066      6728       22011      4889       13         34         
81290      105038     13890      14600      13847      20850      5978       3974       27         34         
581828     20039      9020       4334       3002       1008       1048       443        13         43         
1591946    230417     50303      12944      10249      6801       3447       1484       1          30         
1913865    183463     34878      19132      29160      20876      11477      4048       26         50         
466156     36230      9255       5291       5620       3290       2103       895        10         54         
572872     50628      8731       2776       3476       2090       4819       1230       13         44         
103044     9187       20446      3098       2375       2826       2185       1130       37         63         
33727      36190      4692       10305      10393      8813       10642      2263       50         66         
30337      18214      5803       12232      10084      17374      8400       8661       75         67         
7766       16300      5332       17494      9633       11060      16169      4477       100        78         
128391     187434     54836      29652      11448      25171      10865      6785       96         63         
1662361    89339      15162      9776       7466       5321       6986       3109       69         63         
73154      21187      2649       4462       2914       2315       1379       638        47         60         
758824     88357      76086      18635      15792      9013       15451      2643       21         63         
1018646    448329     11070      75222      45716      25329      16486      8783       11         53         
234819     179697     16844      9580       6790       9328       8958       3895       11         48         
960675     122117     2260       19107      29831      20130      32486      6861       17         40         
2230211    536730     56351      16762      32198      37881      34434      19694      21         17         
330404     827394     99081      75919      53654      52024      40254      12486      23         20         
359526     21546      11047      1168       2809       1959       1044       425        24         34         
183033     56871      3950       9105       7449       2934       3303       1258       8          37         
