Delta      Theta      Low Alpha  High Alpha Low Beta   High Beta  Low Gamma  High Gamma Attention  Meditation
114323     54976      18879      19199      1846       4304       2312       5083       0          0          
2749367    449799     215597     94704      88818      52048      68627      16195      0          0          
800684     624408     85193      47960      47794      77386      184172     18146      0          0          
730960     225306     36692      34503      18950      12650      5694       8717       30         37         
67391      37045      11858      90470      7373       3871       10298      4422       14         60         
99677      31219      32500      104913     11262      7032       8484       1738       7          83         
36592      24004      18185      199647     4979       5566       7644       1830       1          100        
7625       8620       11875      186722     4419       6083       3831       4007       1          100        
9668       12649      45258      172598     22545      10463      4080       1509       1          100        
8117       17618      26470      17893      16190      5065       11352      2187       13         100        
22008      13746      63619      87703      6935       8511       10212      7525       30         100        
25449      18914      10732      152377     25141      7809       8226       4551       41         90         
16638      28890      3801       110078     15558      6150       8848       2296       41         81         
9680       12045      27545      120159     6075       12910      4967       2031       43         96         
25368      12087      21626      99778      7787       8779       5462       4141       47         94         
15260      7466       27314      52501      8423       4213       2181       4518       50         96         
23335      30275      62900      22611      4789       4983       5915       2789       48         96         
985        19988      20110      46524      4303       5898       2517       3315       44         90         
336785     49929      81379      110090     18760      9230       4511       1391       35         84         
18099      24995      49103      68276      4951       5080       6018       1526       24         83         
10247      5334       13957      196709     7863       18004      6897       2989       41         93         
39359      22099      50746      35344      5821       18179      2936       2893       57         90         
21673      22489      6185       94873      6614       7594       6011       2294       66         91         
10029      39697      23616      36798      13464      11850      4227       2984       93         80         
1806269    18110      13992      33735      3718       7518       14596      5546       97         66         
267643     107800     51350      8442       7315       3109       7576       9459       56         54         
