Delta      Theta      Low Alpha  High Alpha Low Beta   High Beta  Low Gamma  High Gamma Attention  Meditation
1703325    87070      60094      81632      47173      59099      9724       10513      0          0          
200285     21453      2896       3048       2101       2183       2647       1269       0          0          
431367     115195     18689      11410      10863      24739      4903       4846       0          0          
64202      32076      21922      28292      18627      5538       13221      4916       30         51         
110728     36369      13123      153796     23859      10309      5693       2849       20         75         
69384      34097      34542      89928      9079       3318       11182      6082       1          97         
45824      17785      33983      77739      10908      12806      5604       3469       3          100        
9120       16150      11421      9401       7699       3782       5754       3135       13         100        
13426      32649      2221       87433      5728       9081       3846       2453       21         100        
9452       20063      27994      26370      10418      9141       9890       4899       43         100        
78725      15150      1817       7309       3687       1295       2214       1380       37         81         
206950     36180      1023       2208       1686       1215       1316       521        21         54         
43760      10729      2124       21081      31742      9838       7103       6739       38         40         
91935      31481      9119       52173      14082      16456      11655      3918       44         35         
5200       7539       14189      75526      20261      12523      6648       6894       56         54         
14512      11129      12149      202691     6595       11729      4655       3698       61         96         
90529      28984      6258       73540      16113      10208      22252      5260       48         100        
32325      9483       15378      86626      7718       15348      9202       4984       43         100        
11881      11727      12882      136772     5996       22061      11429      5723       43         100        
10815      15327      36556      60447      2668       7149       4512       3052       47         96         
22234      18238      4944       205923     9489       8731       6885       4694       37         100        
14380      26739      36520      116506     10866      17717      5794       2304       34         100        
174100     50047      25282      91473      5098       7347       2173       4117       20         100        
249089     145203     171478     44119      26090      16357      9657       3156       14         91         
277285     108617     12415      16793      10249      6051       4711       2196       14         61         
223325     37116      19852      38236      11121      12338      12273      6752       17         51         
