Delta      Theta      Low Alpha  High Alpha Low Beta   High Beta  Low Gamma  High Gamma Attention  Meditation
269342     142742     69911      25128      19038      13523      7199       17026      0          0          
94383      39508      3488       15454      4481       3430       2739       5511       0          0          
632609     113522     72569      10621      26901      21983      9934       5248       0          0          
1981957    129674     6690       53488      8054       13179      24738      15227      38         30         
15983      31464      37263      151672     11522      14345      3387       5396       37         54         
27364      8830       8800       80367      8259       8117       9385       4905       47         78         
82204      49694      28273      66097      9282       12069      4207       9290       51         84         
103865     32036      2375       12628      878        2299       2395       1682       38         80         
20793      12430      16347      42256      9797       6313       16072      6665       48         74         
511022     16541      34589      76090      16159      13870      8219       9151       54         67         
7111       15462      3392       63081      3414       9036       6708       3977       66         80         
421416     107858     4420       109907     25935      4944       8183       7119       63         91         
85658      30728      5653       13591      18081      9254       7644       3490       77         56         
14558      9273       2319       18862      6279       10465      9456       13639      83         38         
25420      6018       12672      11986      6103       8637       38274      10606      88         23         
7942       11437      11715      41297      11071      11165      26530      10439      100        35         
7932       11719      13335      45410      6329       7152       2890       1782       97         70         
32280      17603      11003      156844     3971       7662       4964       3034       64         94         
32898      36423      11050      20187      4987       9395       11147      3732       53         81         
7848       26423      79098      84479      8581       13268      8233       9138       40         90         
122140     101404     48676      24642      14433      9331       7882       6919       34         60         
19701      27072      13509      73372      4473       12252      12936      2408       47         47         
15448      19689      7447       77727      7537       9894       7816       1156       41         63         
19439      26455      7104       167486     9989       5033       8089       4983       26         66         
39178      10148      35013      47415      4435       11408      11792      7113       38         93         
40619      44635      33998      85705      6847       9474       5862       2512       29         93         
