Delta      Theta      Low Alpha  High Alpha Low Beta   High Beta  Low Gamma  High Gamma Attention  Meditation
1178605    817843     250563     85833      49463      77810      50674      48473      0          0          
288703     13373      6528       4042       1459       2077       1977       2500       0          0          
44177      38098      17198      64203      3794       7665       7307       4848       0          0          
32827      13034      32333      136234     9692       7571       2816       2267       30         51         
82421      40816      8833       70827      8577       8777       4923       5324       38         53         
23651      12995      54163      54586      6022       10851      8672       1916       48         63         
24442      11002      7798       17079      6447       10916      4116       4075       70         63         
19604      15027      1876       42030      9899       6359       10138      7836       84         51         
3640       53003      9191       63425      5221       31563      8447       8888       97         48         
29592      3887       23279      46669      9115       23790      14238      5461       100        43         
30303      39333      24343      77029      4811       8021       5789       4106       83         50         
15171      29359      26966      126676     8985       7246       6469       9896       66         56         
40750      23887      17032      104378     28760      10438      18326      11508      44         61         
186352     29613      10488      26390      9986       6795       2676       7993       26         54         
23023      28033      10438      120856     2080       7422       2888       1779       23         60         
6903       6210       23095      54378      5755       11492      5031       6717       43         60         
511784     12411      2803       159951     12323      30073      3809       2940       57         63         
215922     42730      25987      34475      3925       14093      7186       4410       64         64         
5292       22659      20237      137535     11172      6651       5673       4808       57         64         
15345      28854      29455      56972      12543      8452       6059       5899       48         60         
492110     54674      18395      59711      12121      9105       13457      2926       29         51         
73432      20576      69310      218051     5492       7733       6302       5189       1          67         
38101      42163      19238      218970     14476      10139      14233      1614       1          66         
32304      30415      48743      161049     14673      15608      2566       2238       1          70         
77022      48265      18207      41190      8015       7326       6693       2040       3          70         
41190      24544      85455      99348      4841       12448      2715       1715       16         66         
