Delta      Theta      Low Alpha  High Alpha Low Beta   High Beta  Low Gamma  High Gamma Attention  Meditation
1153222    694107     319441     56370      111535     22722      74226      57484      0          0          
345090     69146      24171      11834      12220      9548       4181       5401       0          0          
146400     97907      64436      26694      40670      43661      14127      6200       0          0          
1096332    162084     7597       25805      14059      18570      13627      10103      44         30         
163944     61762      1904       16106      15217      26798      10265      7859       61         21         
77574      108426     11234      5162       10604      17236      20735      3995       69         3          
1427802    589156     56302      27573      30959      42297      19535      8709       70         1          
65698      101192     10078      7061       24138      27147      17272      4343       78         1          
1015409    65978      47880      4716       7881       4129       4125       1912       60         3          
255881     572639     42331      18547      17181      14170      11281      4038       43         3          
166710     68362      17989      9296       13660      19064      13094      4430       53         24         
11736      8486       1421       9190       6505       5668       8296       2843       56         56         
33335      20483      14452      22838      13522      8025       8751       3127       66         61         
80277      122150     8238       14991      4575       5457       3767       2137       70         70         
1500906    140385     35073      14932      23509      13205      15645      5447       61         70         
456870     43672      13552      8475       13181      6995       6945       815        53         60         
555347     512908     12740      51273      19709      13946      31313      7555       38         21         
235211     46761      7360       3946       1429       4186       4866       880        43         27         
274583     36098      2065       3464       3039       3051       4865       2229       43         11         
109555     34404      2942       3748       1209       667        307        153        27         1          
894530     213920     6095       44774      44808      31281      20880      8712       41         10         
118638     7697       2239       1658       2965       1276       1888       750        43         17         
966551     120319     5692       10080      10456      3810       8511       10652      35         16         
